pathway	pval	padj	log2err	ES	NES	size	leadingEdge
BIOCARTA_ACE2_PATHWAY	0.71875	0.974166666666667	0.0629394692018967	0.658490566037736	0.870727642064691	1	COL4A5
BIOCARTA_ACTINY_PATHWAY	0.496197718631179	0.974166666666667	0.0768736734126542	-0.730188679245283	-0.991293401867198	1	WASF1
BIOCARTA_AGR_PATHWAY	0.362962962962963	0.974166666666667	0.0925528864684773	-0.466780617853899	-1.07541849282466	5	CHRNA1, PAK5
BIOCARTA_AHSP_PATHWAY	0.789583333333333	0.974166666666667	0.0584693210386381	0.611320754716981	0.808354601802177	1	FECH
BIOCARTA_AKAPCENTROSOME_PATHWAY	0.937262357414449	0.984420211875553	0.0463227785794633	-0.519811320754717	-0.705688196936468	1	NUP85
BIOCARTA_ALK_PATHWAY	0.435361216730038	0.974166666666667	0.0838361057159929	-0.767924528301887	-1.04252303503863	1	NOG
BIOCARTA_AMAN_PATHWAY	0.908333333333333	0.979891877637131	0.0519512476197082	0.540566037735849	0.714795041408407	1	B3GALT1
BIOCARTA_AMI_PATHWAY	0.834990059642147	0.974166666666667	0.0536769600638126	-0.364048923626316	-0.693826999469552	3	PROS1, PLAT
BIOCARTA_ARF_PATHWAY	0.979959919839679	0.985863292850762	0.0466948041282054	0.274102079395085	0.53443219704884	3	POLR1A, POLR1B, MYC
BIOCARTA_ASBCELL_PATHWAY	0.517110266159696	0.974166666666667	0.0747385227439092	-0.716981132075472	-0.973363030257197	1	HLA-DRB5
BIOCARTA_AT1R_PATHWAY	0.0895833333333333	0.880024509803922	0.216542836735348	0.959433962264151	1.26866763893953	1	EGFR
BIOCARTA_ATM_PATHWAY	0.927083333333333	0.979891877637131	0.051011413203915	0.530188679245283	0.701072972550654	1	ATM
BIOCARTA_ATRBRCA_PATHWAY	0.799220272904483	0.974166666666667	0.0547939500773363	-0.470254957507082	-0.773197118051557	2	RAD1, ATM
BIOCARTA_BARRESTIN_PATHWAY	0.70961145194274	0.974166666666667	0.0626618230932491	0.516525023607177	0.855889754041493	2	PPARA, AP2M1
BIOCARTA_BBCELL_PATHWAY	0.517110266159696	0.974166666666667	0.0747385227439092	-0.716981132075472	-0.973363030257197	1	HLA-DRB5
BIOCARTA_BCELLSURVIVAL_PATHWAY	0.600760456273764	0.974166666666667	0.0672065093710464	-0.686792452830189	-0.932379323720052	1	BIRC5
BIOCARTA_BCR_PATHWAY	0.827083333333333	0.974166666666667	0.0562940749700968	0.590566037735849	0.780910464086671	1	PLCG1
BIOCARTA_BIOPEPTIDES_PATHWAY	0.827083333333333	0.974166666666667	0.0562940749700968	0.590566037735849	0.780910464086671	1	PLCG1
BIOCARTA_BLYMPHOCYTE_PATHWAY	0.517110266159696	0.974166666666667	0.0747385227439092	-0.716981132075472	-0.973363030257197	1	HLA-DRB5
BIOCARTA_BOTULIN_PATHWAY	0.115969581749049	0.974166666666667	0.179782316298324	-0.938679245283019	-1.27433712513936	1	CHRNA1
BIOCARTA_BTG2_PATHWAY	0.730038022813688	0.974166666666667	0.0578529757032509	-0.623584905660377	-0.846569688157905	1	CHAF1B
BIOCARTA_CALCINEURIN_PATHWAY	0.827083333333333	0.974166666666667	0.0562940749700968	0.590566037735849	0.780910464086671	1	PLCG1
BIOCARTA_CARDIACEGF_PATHWAY	0.432900432900433	0.974166666666667	0.0913924325943768	0.43000195713923	1.01690909616593	5	EGFR, EDNRB
BIOCARTA_CARM_ER_PATHWAY	0.918250950570342	0.979891877637131	0.0472587336673259	-0.533962264150943	-0.724899309375755	1	TBP
BIOCARTA_CASPASE_PATHWAY	0.553606237816764	0.974166666666667	0.0725351864394589	-0.58356940509915	-0.959509676618197	2	CASP8, APAF1
BIOCARTA_CBL_PATHWAY	0.0895833333333333	0.880024509803922	0.216542836735348	0.959433962264151	1.26866763893953	1	EGFR
BIOCARTA_CCR5_PATHWAY	0.827083333333333	0.974166666666667	0.0562940749700968	0.590566037735849	0.780910464086671	1	PLCG1
BIOCARTA_CDC25_PATHWAY	0.198807157057654	0.974166666666667	0.137250779610133	-0.662632368247738	-1.26288583202804	3	MYT1, CDC25A
BIOCARTA_CDMAC_PATHWAY	0.505703422053232	0.974166666666667	0.0758886900606117	-0.726415094339623	-0.986170438550055	1	MYC
BIOCARTA_CELLCYCLE_PATHWAY	0.192982456140351	0.974166666666667	0.138022242496643	-0.745042492917847	-1.22500507257566	2	CDC25A, CDK4
BIOCARTA_CERAMIDE_PATHWAY	0.777777777777778	0.974166666666667	0.0560595875032335	-0.479383232524389	-0.788205903867616	2	CASP8
BIOCARTA_CHEMICAL_PATHWAY	0.799220272904483	0.974166666666667	0.0547939500773363	-0.470254957507082	-0.773197118051557	2	APAF1, ATM
BIOCARTA_CHREBP_PATHWAY	0.63125	0.974166666666667	0.0692836467392548	0.704716981132075	0.931853221521954	1	ACSBG1
BIOCARTA_CIRCADIAN_PATHWAY	0.622916666666667	0.974166666666667	0.0699458736501659	0.710377358490566	0.939337986353456	1	CRY2
BIOCARTA_CSK_PATHWAY	0.517110266159696	0.974166666666667	0.0747385227439092	-0.716981132075472	-0.973363030257197	1	HLA-DRB5
BIOCARTA_CTBP1_PATHWAY	0.754601226993865	0.974166666666667	0.0597317976364411	0.493862134088763	0.818337004321208	2	SAE1, UBE2I
BIOCARTA_CTCF_PATHWAY	0.505703422053232	0.974166666666667	0.0758886900606117	-0.726415094339623	-0.986170438550055	1	MYC
BIOCARTA_CTLA4_PATHWAY	0.517110266159696	0.974166666666667	0.0747385227439092	-0.716981132075472	-0.973363030257197	1	HLA-DRB5
BIOCARTA_CXCR4_PATHWAY	0.827083333333333	0.974166666666667	0.0562940749700968	0.590566037735849	0.780910464086671	1	PLCG1
BIOCARTA_CYTOKINE_PATHWAY	0.03287056923218	0.609931673530451	0.321775918075361	-0.984905660377358	-1.33709342577436	1	IL6
BIOCARTA_D4GDI_PATHWAY	0.553606237816764	0.974166666666667	0.0725351864394589	-0.58356940509915	-0.959509676618197	2	CASP8, APAF1
BIOCARTA_DEATH_PATHWAY	0.8125	0.974166666666667	0.0526973085708419	-0.348155156102176	-0.732289887754548	4	CASP8, APAF1, CFLAR, RIPK1
BIOCARTA_DICER_PATHWAY	0.845833333333333	0.974166666666667	0.0552495663125249	0.568867924528302	0.752218865565915	1	AGO2
BIOCARTA_ECM_PATHWAY	0.768060836501901	0.974166666666667	0.0554793308704233	-0.600943396226415	-0.815831908255046	1	DIAPH1
BIOCARTA_EEA1_PATHWAY	0.0895833333333333	0.880024509803922	0.216542836735348	0.959433962264151	1.26866763893953	1	EGFR
BIOCARTA_EFP_PATHWAY	0.473384030418251	0.974166666666667	0.0793434960134973	-0.744339622641509	-1.01050451430649	1	CDK4
BIOCARTA_EGFR_SMRTE_PATHWAY	0.165644171779141	0.974166666666667	0.154190966581424	0.747875354107649	1.2392407407694	2	EGFR, THRB
BIOCARTA_EGF_PATHWAY	0.229038854805726	0.974166666666667	0.128788713061714	0.721319006266313	1.1952364718892	2	EGFR
BIOCARTA_EICOSANOID_PATHWAY	0.313688212927757	0.974166666666667	0.102821842840815	-0.838679245283019	-1.13857859723506	1	PTGIS
BIOCARTA_EOSINOPHILS_PATHWAY	0.517110266159696	0.974166666666667	0.0747385227439092	-0.716981132075472	-0.973363030257197	1	HLA-DRB5
BIOCARTA_EPONFKB_PATHWAY	0.454166666666667	0.974166666666667	0.0865399737444125	0.795283018867925	1.05160945882598	1	GRIN1
BIOCARTA_EPO_PATHWAY	0.827083333333333	0.974166666666667	0.0562940749700968	0.590566037735849	0.780910464086671	1	PLCG1
BIOCARTA_ERAD_PATHWAY	0.754601226993865	0.974166666666667	0.0597317976364411	0.493862134088763	0.818337004321208	2	SAE1, UBE2I
BIOCARTA_ERBB3_PATHWAY	0.0895833333333333	0.880024509803922	0.216542836735348	0.959433962264151	1.26866763893953	1	EGFR
BIOCARTA_ERK5_PATHWAY	0.827083333333333	0.974166666666667	0.0562940749700968	0.590566037735849	0.780910464086671	1	PLCG1
BIOCARTA_ERK_PATHWAY	0.408997955010225	0.974166666666667	0.0913924325943768	0.64305451954013	1.06555103704529	2	EGFR
BIOCARTA_ERYTH_PATHWAY	0.03287056923218	0.609931673530451	0.321775918075361	-0.984905660377358	-1.33709342577436	1	IL6
BIOCARTA_ETS_PATHWAY	0.652091254752852	0.974166666666667	0.0632191170859458	-0.665094339622642	-0.902922284646479	1	ETS1
BIOCARTA_EXTRINSIC_PATHWAY	0.511406844106464	0.974166666666667	0.0753093764172773	-0.720754716981132	-0.97848599357434	1	PROS1
BIOCARTA_FAS_PATHWAY	0.573099415204678	0.974166666666667	0.0707899094502623	-0.572389372521607	-0.94112737393179	2	CASP8
BIOCARTA_FCER1_PATHWAY	0.827083333333333	0.974166666666667	0.0562940749700968	0.590566037735849	0.780910464086671	1	PLCG1
BIOCARTA_FIBRINOLYSIS_PATHWAY	0.348927875243665	0.974166666666667	0.0978773277424561	-0.677998111425874	-1.1147701420904	2	PLAU, PLAT
BIOCARTA_G1_PATHWAY	0.411530815109344	0.974166666666667	0.0894366833718621	-0.559108611814726	-1.06558384144871	3	CDC25A, CDK4
BIOCARTA_G2_PATHWAY	0.198807157057654	0.974166666666667	0.137250779610133	-0.662632368247738	-1.26288583202804	3	MYT1, CDC25A
BIOCARTA_GABA_PATHWAY	0.597916666666667	0.974166666666667	0.072003313661988	0.723584905660377	0.95680243762696	1	GPHN
BIOCARTA_GHRELIN_PATHWAY	0.435361216730038	0.974166666666667	0.0838361057159929	-0.763207547169811	-1.0361193308922	1	IGFBP4
BIOCARTA_GH_PATHWAY	0.827083333333333	0.974166666666667	0.0562940749700968	0.590566037735849	0.780910464086671	1	PLCG1
BIOCARTA_GLEEVEC_PATHWAY	0.97270955165692	0.985284664830119	0.04577044581081	-0.335221907459868	-0.55117465242631	2	MYC, BCR
BIOCARTA_GPCR_PATHWAY	0.827083333333333	0.974166666666667	0.0562940749700968	0.590566037735849	0.780910464086671	1	PLCG1
BIOCARTA_HER2_PATHWAY	0.559454191033138	0.974166666666667	0.072003313661988	-0.579359565995842	-0.952587824099312	2	IL6
BIOCARTA_HES_PATHWAY	0.680608365019011	0.974166666666667	0.0611692626746689	-0.65188679245283	-0.884991913036478	1	HEY2
BIOCARTA_HIF_PATHWAY	0.725	0.974166666666667	0.0625237414724762	0.654716981132075	0.86573779884369	1	EDN1
BIOCARTA_HIVNEF_PATHWAY	0.648114901256733	0.974166666666667	0.0607719451853533	-0.348815165876777	-0.854139556710164	6	CASP8, APAF1, ACTG1, CFLAR, PSEN2, RIPK1
BIOCARTA_HSP27_PATHWAY	0.819391634980989	0.974166666666667	0.0524827622635459	-0.583018867924528	-0.791497832498616	1	APAF1
BIOCARTA_HSWI_SNF_PATHWAY	0.918250950570342	0.979891877637131	0.0472587336673259	-0.533962264150943	-0.724899309375755	1	TBP
BIOCARTA_IL10_PATHWAY	0.03287056923218	0.609931673530451	0.321775918075361	-0.984905660377358	-1.33709342577436	1	IL6
BIOCARTA_IL12_PATHWAY	0.803680981595092	0.974166666666667	0.0567672387487446	0.472262027026581	0.782545301159155	2	IL12RB2
BIOCARTA_IL17_PATHWAY	0.03287056923218	0.609931673530451	0.321775918075361	-0.984905660377358	-1.33709342577436	1	IL6
BIOCARTA_IL1R_PATHWAY	0.03287056923218	0.609931673530451	0.321775918075361	-0.984905660377358	-1.33709342577436	1	IL6
BIOCARTA_IL2RB_PATHWAY	0.803118908382066	0.974166666666667	0.0545680646670941	-0.46742209631728	-0.768539304087391	2	MYC, CFLAR
BIOCARTA_IL5_PATHWAY	0.179337231968811	0.974166666666667	0.143758989039275	-0.752444797816364	-1.23717600394619	2	IL6
BIOCARTA_IL6_PATHWAY	0.03287056923218	0.609931673530451	0.321775918075361	-0.984905660377358	-1.33709342577436	1	IL6
BIOCARTA_INFLAM_PATHWAY	0.179337231968811	0.974166666666667	0.143758989039275	-0.752444797816364	-1.23717600394619	2	IL6
BIOCARTA_INTEGRIN_PATHWAY	0.710416666666667	0.974166666666667	0.0635007968065945	0.665094339622642	0.879459867701443	1	BCR
BIOCARTA_INTRINSIC_PATHWAY	0.970760233918129	0.985284664830119	0.0458620343117985	-0.341831916902738	-0.562042885009365	2	PROS1, COL4A5
BIOCARTA_ION_PATHWAY	0.827083333333333	0.974166666666667	0.0562940749700968	0.590566037735849	0.780910464086671	1	PLCG1
BIOCARTA_KERATINOCYTE_PATHWAY	0.42685370741483	0.974166666666667	0.0878312634480124	0.530773796751236	1.03487943965887	3	EGFR
BIOCARTA_LAIR_PATHWAY	0.03287056923218	0.609931673530451	0.321775918075361	-0.984905660377358	-1.33709342577436	1	IL6
BIOCARTA_LDL_PATHWAY	0.03287056923218	0.609931673530451	0.321775918075361	-0.984905660377358	-1.33709342577436	1	IL6
BIOCARTA_LYM_PATHWAY	0.48125	0.974166666666667	0.0833634065110386	0.779245283018868	1.03040262513673	1	MADCAM1
BIOCARTA_MALATEX_PATHWAY	0.577946768060836	0.974166666666667	0.069119845655101	-0.69811320754717	-0.947748213671482	1	ME1
BIOCARTA_MAL_PATHWAY	0.768060836501901	0.974166666666667	0.0554793308704233	-0.600943396226415	-0.815831908255046	1	DIAPH1
BIOCARTA_MAPK_PATHWAY	0.862823061630219	0.979891877637131	0.0521630305460055	-0.347826086956522	-0.662908511983398	3	MYC, MAP4K3, RIPK1
BIOCARTA_MCALPAIN_PATHWAY	0.0895833333333333	0.880024509803922	0.216542836735348	0.959433962264151	1.26866763893953	1	EGFR
BIOCARTA_MCM_PATHWAY	0.63220675944334	0.974166666666667	0.0668966276500666	-0.46276362361235	-0.881963592245612	3	CDC6, CDT1
BIOCARTA_MET_PATHWAY	0.35361216730038	0.974166666666667	0.0956031492204301	-0.812264150943396	-1.10271785401506	1	HGF
BIOCARTA_MHC_PATHWAY	0.517110266159696	0.974166666666667	0.0747385227439092	-0.716981132075472	-0.973363030257197	1	HLA-DRB5
BIOCARTA_MITOCHONDRIA_PATHWAY	0.553606237816764	0.974166666666667	0.0725351864394589	-0.58356940509915	-0.959509676618197	2	CASP8, APAF1
BIOCARTA_MPR_PATHWAY	0.134980988593156	0.974166666666667	0.165656695205483	-0.930188679245283	-1.26281045767579	1	MYT1
BIOCARTA_MTA3_PATHWAY	0.964583333333333	0.985284664830119	0.0491927521045191	0.512264150943396	0.677371217250899	1	ALDOA
BIOCARTA_NDKDYNAMIN_PATHWAY	0.945833333333333	0.985284664830119	0.0500922874402106	0.516037735849057	0.6823610604719	1	AP2M1
BIOCARTA_NFAT_PATHWAY	0.405458089668616	0.974166666666667	0.0891647117820678	-0.649832899214209	-1.06846066557405	2	HAND2
BIOCARTA_NFKB_PATHWAY	0.729166666666667	0.974166666666667	0.062249042949858	0.652830188679245	0.86324287723319	1	RIPK1
BIOCARTA_NGF_PATHWAY	0.827083333333333	0.974166666666667	0.0562940749700968	0.590566037735849	0.780910464086671	1	PLCG1
BIOCARTA_NKT_PATHWAY	0.15625	0.974166666666667	0.160801401070022	0.933962264150943	1.23498619719777	1	IL12RB2
BIOCARTA_NO1_PATHWAY	0.46969696969697	0.974166666666667	0.0795564677235957	-0.472696009381585	-0.994242083120194	4	CHRNA1, BDKRB2
BIOCARTA_NO2IL12_PATHWAY	0.803680981595092	0.974166666666667	0.0567672387487446	0.472262027026581	0.782545301159155	2	IL12RB2
BIOCARTA_NOS1_PATHWAY	0.454166666666667	0.974166666666667	0.0865399737444125	0.795283018867925	1.05160945882598	1	GRIN1
BIOCARTA_NPC_PATHWAY	0.629277566539924	0.974166666666667	0.0649407684612899	-0.671698113207547	-0.91188747045148	1	RAN
BIOCARTA_NPP1_PATHWAY	0.918200408997955	0.979891877637131	0.0506004243853618	0.37865911237016	0.62744385990976	2	COL4A5, ALPL
BIOCARTA_NUCLEARRS_PATHWAY	0.973484848484849	0.985284664830119	0.0444181153081573	-0.260287966425381	-0.547475004683151	4	RARB
BIOCARTA_P27_PATHWAY	0.79467680608365	0.974166666666667	0.0538979025357319	-0.592452830188679	-0.804305240791473	1	UBE2M
BIOCARTA_P38MAPK_PATHWAY	0.966861598440546	0.985284664830119	0.0460457683018055	-0.347497639282342	-0.571358512937696	2	MYC, RIPK1
BIOCARTA_P53HYPOXIA_PATHWAY	0.927083333333333	0.979891877637131	0.051011413203915	0.530188679245283	0.701072972550654	1	ATM
BIOCARTA_P53_PATHWAY	0.612326043737575	0.974166666666667	0.0684714904492087	-0.47069943289225	-0.897088149368838	3	CDK4, APAF1, ATM
BIOCARTA_PARKIN_PATHWAY	0.489583333333333	0.974166666666667	0.0824344091527096	0.772641509433962	1.02167039949997	1	SNCAIP
BIOCARTA_PDGF_PATHWAY	0.827083333333333	0.974166666666667	0.0562940749700968	0.590566037735849	0.780910464086671	1	PLCG1
BIOCARTA_PDZS_PATHWAY	0.116564417177914	0.974166666666667	0.186432558434075	0.784702549575071	1.30026395906486	2	GRIN1, DLG2
BIOCARTA_PGC1A_PATHWAY	0.89375	0.979891877637131	0.0526973085708419	0.547169811320755	0.723527267045159	1	PPARA
BIOCARTA_PLATELETAPP_PATHWAY	0.733598409542744	0.974166666666667	0.0597317976364411	-0.406829130534158	-0.775360168967457	3	PLAU, PLAT
BIOCARTA_PLC_PATHWAY	0.827083333333333	0.974166666666667	0.0562940749700968	0.590566037735849	0.780910464086671	1	PLCG1
BIOCARTA_PLK3_PATHWAY	0.927083333333333	0.979891877637131	0.051011413203915	0.530188679245283	0.701072972550654	1	ATM
BIOCARTA_PPARA_PATHWAY	0.620278330019881	0.974166666666667	0.0678338263479455	-0.466371347467986	-0.888839415947372	3	MYC, ME1
BIOCARTA_PRC2_PATHWAY	0.988593155893536	0.988593155893536	0.0438879842863647	-0.50188679245283	-0.681354121180038	1	CBX4
BIOCARTA_PRION_PATHWAY	0.585416666666667	0.974166666666667	0.0730744399126987	0.728301886792453	0.963039741653211	1	LAMA1
BIOCARTA_PTC1_PATHWAY	0.399239543726236	0.974166666666667	0.0886261133285098	-0.790566037735849	-1.07326081494149	1	CDC25A
BIOCARTA_PTDINS_PATHWAY	0.70961145194274	0.974166666666667	0.0626618230932491	0.516525023607177	0.855889754041493	2	PLCG1, AP2M1
BIOCARTA_PTEN_PATHWAY	0.0895833333333333	0.880024509803922	0.216542836735348	0.959433962264151	1.26866763893953	1	EGFR
BIOCARTA_PYK2_PATHWAY	0.827083333333333	0.974166666666667	0.0562940749700968	0.590566037735849	0.780910464086671	1	PLCG1
BIOCARTA_RAC1_PATHWAY	0.777777777777778	0.974166666666667	0.0560595875032335	-0.478753541076487	-0.787170559944055	2	WASF1, ARFIP2
BIOCARTA_RACCYCD_PATHWAY	0.473384030418251	0.974166666666667	0.0793434960134973	-0.744339622641509	-1.01050451430649	1	CDK4
BIOCARTA_RANBP2_PATHWAY	0.838206627680312	0.974166666666667	0.0525898950623616	-0.449480642115203	-0.739039815647673	2	RAN, PIAS2
BIOCARTA_RANMS_PATHWAY	0.629277566539924	0.974166666666667	0.0649407684612899	-0.671698113207547	-0.91188747045148	1	RAN
BIOCARTA_RAN_PATHWAY	0.629277566539924	0.974166666666667	0.0649407684612899	-0.671698113207547	-0.91188747045148	1	RAN
BIOCARTA_RARRXR_PATHWAY	0.918250950570342	0.979891877637131	0.0472587336673259	-0.533962264150943	-0.724899309375755	1	TBP
BIOCARTA_RB_PATHWAY	0.117424242424242	0.974166666666667	0.178219874951973	-0.643701328085761	-1.3539250102418	4	MYT1, CDC25A, CDK4
BIOCARTA_REELIN_PATHWAY	0.298479087452471	0.974166666666667	0.105920292736253	-0.847169811320755	-1.15010526469864	1	DAB1
BIOCARTA_RELA_PATHWAY	0.729166666666667	0.974166666666667	0.062249042949858	0.652830188679245	0.86324287723319	1	RIPK1
BIOCARTA_RHO_PATHWAY	0.840155945419103	0.974166666666667	0.0524827622635459	-0.447592067988669	-0.735934606338229	2	DIAPH1, OPHN1
BIOCARTA_RNAPOL3_PATHWAY	0.918250950570342	0.979891877637131	0.0472587336673259	-0.533962264150943	-0.724899309375755	1	TBP
BIOCARTA_SALMONELLA_PATHWAY	0.496197718631179	0.974166666666667	0.0768736734126542	-0.730188679245283	-0.991293401867198	1	WASF1
BIOCARTA_SARS_PATHWAY	0.811787072243346	0.974166666666667	0.0529129848430583	-0.585849056603774	-0.795340054986473	1	FBL
BIOCARTA_SLRP_PATHWAY	0.0516898608349901	0.863220675944334	0.282013350011725	-0.785444234404537	-1.49694829744077	3	LUM, DCN, BGN
BIOCARTA_SODD_PATHWAY	0.777777777777778	0.974166666666667	0.0560595875032335	-0.479383232524389	-0.788205903867616	2	CASP8
BIOCARTA_SPRY_PATHWAY	0.0895833333333333	0.880024509803922	0.216542836735348	0.959433962264151	1.26866763893953	1	EGFR
BIOCARTA_SRCRPTP_PATHWAY	0.399239543726236	0.974166666666667	0.0886261133285098	-0.790566037735849	-1.07326081494149	1	CDC25A
BIOCARTA_STEM_PATHWAY	0.03287056923218	0.609931673530451	0.321775918075361	-0.984905660377358	-1.33709342577436	1	IL6
BIOCARTA_STRESS_PATHWAY	0.729166666666667	0.974166666666667	0.062249042949858	0.652830188679245	0.86324287723319	1	RIPK1
BIOCARTA_SUMO_PATHWAY	0.754601226993865	0.974166666666667	0.0597317976364411	0.493862134088763	0.818337004321208	2	SAE1, UBE2I
BIOCARTA_TCRA_PATHWAY	0.517110266159696	0.974166666666667	0.0747385227439092	-0.716981132075472	-0.973363030257197	1	HLA-DRB5
BIOCARTA_TCR_PATHWAY	0.827083333333333	0.974166666666667	0.0562940749700968	0.590566037735849	0.780910464086671	1	PLCG1
BIOCARTA_TCYTOTOXIC_PATHWAY	0.737642585551331	0.974166666666667	0.0573667426768556	-0.614150943396226	-0.833762279865047	1	THY1
BIOCARTA_TEL_PATHWAY	0.392785571142285	0.974166666666667	0.0925528864684773	0.548642721978895	1.06971948534329	3	EGFR
BIOCARTA_TERT_PATHWAY	0.505703422053232	0.974166666666667	0.0758886900606117	-0.726415094339623	-0.986170438550055	1	MYC
BIOCARTA_TFF_PATHWAY	0.204498977505112	0.974166666666667	0.137250779610133	0.731736307407203	1.21249809698722	2	EGFR
BIOCARTA_TH1TH2_PATHWAY	0.496932515337423	0.974166666666667	0.0806388495950661	0.602861037679389	0.998949831427765	2	IL12RB2
BIOCARTA_THELPER_PATHWAY	0.737642585551331	0.974166666666667	0.0573667426768556	-0.614150943396226	-0.833762279865047	1	THY1
BIOCARTA_TNFR1_PATHWAY	0.777777777777778	0.974166666666667	0.0560595875032335	-0.479383232524389	-0.788205903867616	2	CASP8
BIOCARTA_TNFR2_PATHWAY	0.729166666666667	0.974166666666667	0.062249042949858	0.652830188679245	0.86324287723319	1	RIPK1
BIOCARTA_TOLL_PATHWAY	0.89375	0.979891877637131	0.0526973085708419	0.547169811320755	0.723527267045159	1	PPARA
BIOCARTA_TPO_PATHWAY	0.827083333333333	0.974166666666667	0.0562940749700968	0.590566037735849	0.780910464086671	1	PLCG1
BIOCARTA_TRKA_PATHWAY	0.827083333333333	0.974166666666667	0.0562940749700968	0.590566037735849	0.780910464086671	1	PLCG1
BIOCARTA_TSP1_PATHWAY	0.374524714828897	0.974166666666667	0.0922597260527354	-0.80188679245283	-1.08862970489292	1	CD36
BIOCARTA_VEGF_PATHWAY	0.523517382413088	0.974166666666667	0.0778840111977068	0.591123701605288	0.979500888537431	2	FLT4, PLCG1
BIOCARTA_VIP_PATHWAY	0.902534113060429	0.979891877637131	0.0491927521045191	-0.409820585457979	-0.673830420149349	2	MYC, PLCG1
BIOCARTA_VITCB_PATHWAY	0.71875	0.974166666666667	0.0629394692018967	0.658490566037736	0.870727642064691	1	COL4A5
BIOCARTA_WNT_PATHWAY	0.505703422053232	0.974166666666667	0.0758886900606117	-0.726415094339623	-0.986170438550055	1	MYC
