pathway	pval	padj	log2err	ES	NES	size	leadingEdge
BIOCARTA_ACE2_PATHWAY	0.472279260780287	0.757186858316222	0.0835990603684159	0.76056338028169	1.02998430141287	1	COL4A5
BIOCARTA_AKAPCENTROSOME_PATHWAY	0.708418891170431	0.757186858316222	0.0629394692018967	0.640845070422535	0.867857142857143	1	NUP85
BIOCARTA_AMI_PATHWAY	0.472279260780287	0.757186858316222	0.0835990603684159	0.76056338028169	1.02998430141287	1	COL4A5
BIOCARTA_ATM_PATHWAY	0.661190965092402	0.757186858316222	0.0662842187012672	0.669014084507042	0.906004709576138	1	ATM
BIOCARTA_ATRBRCA_PATHWAY	0.661190965092402	0.757186858316222	0.0662842187012672	0.669014084507042	0.906004709576138	1	ATM
BIOCARTA_BARRESTIN_PATHWAY	0.616016427104723	0.757186858316222	0.0697792517076235	0.690140845070423	0.934615384615385	1	PPARA
BIOCARTA_BCELLSURVIVAL_PATHWAY	0.948374760994264	0.948374760994264	0.0460457683018055	-0.52112676056338	-0.707757704569608	1	BIRC5
BIOCARTA_BCR_PATHWAY	0.568788501026694	0.757186858316222	0.0738052724171275	0.71830985915493	0.97276295133438	1	PLCG1
BIOCARTA_BIOPEPTIDES_PATHWAY	0.568788501026694	0.757186858316222	0.0738052724171275	0.71830985915493	0.97276295133438	1	PLCG1
BIOCARTA_CALCINEURIN_PATHWAY	0.568788501026694	0.757186858316222	0.0738052724171275	0.71830985915493	0.97276295133438	1	PLCG1
BIOCARTA_CARDIACEGF_PATHWAY	0.568788501026694	0.757186858316222	0.0738052724171275	0.71830985915493	0.97276295133438	1	PLCG1
BIOCARTA_CARM_ER_PATHWAY	0.718685831622177	0.757186858316222	0.062249042949858	0.633802816901408	0.858320251177394	1	TBP
BIOCARTA_CCR5_PATHWAY	0.568788501026694	0.757186858316222	0.0738052724171275	0.71830985915493	0.97276295133438	1	PLCG1
BIOCARTA_CDC25_PATHWAY	0.308362369337979	0.757186858316222	0.0985499803531691	-0.58580277062419	-1.13242406305117	3	MYT1, CDC25A
BIOCARTA_CELLCYCLE_PATHWAY	0.548757170172084	0.757186858316222	0.072003313661988	-0.711267605633803	-0.965993623804465	1	CDC25A
BIOCARTA_CHEMICAL_PATHWAY	0.661190965092402	0.757186858316222	0.0662842187012672	0.669014084507042	0.906004709576138	1	ATM
BIOCARTA_CIRCADIAN_PATHWAY	0.375770020533881	0.757186858316222	0.0965629554309422	0.816901408450704	1.10627943485086	1	CRY2
BIOCARTA_CXCR4_PATHWAY	0.568788501026694	0.757186858316222	0.0738052724171275	0.71830985915493	0.97276295133438	1	PLCG1
BIOCARTA_EGF_PATHWAY	0.568788501026694	0.757186858316222	0.0738052724171275	0.71830985915493	0.97276295133438	1	PLCG1
BIOCARTA_EPO_PATHWAY	0.568788501026694	0.757186858316222	0.0738052724171275	0.71830985915493	0.97276295133438	1	PLCG1
BIOCARTA_ERK5_PATHWAY	0.568788501026694	0.757186858316222	0.0738052724171275	0.71830985915493	0.97276295133438	1	PLCG1
BIOCARTA_FCER1_PATHWAY	0.568788501026694	0.757186858316222	0.0738052724171275	0.71830985915493	0.97276295133438	1	PLCG1
BIOCARTA_G1_PATHWAY	0.909943714821764	0.935550867013912	0.0470699590082662	-0.41032447952777	-0.678657511004713	2	CDC25A
BIOCARTA_G2_PATHWAY	0.308362369337979	0.757186858316222	0.0985499803531691	-0.58580277062419	-1.13242406305117	3	MYT1, CDC25A
BIOCARTA_GH_PATHWAY	0.568788501026694	0.757186858316222	0.0738052724171275	0.71830985915493	0.97276295133438	1	PLCG1
BIOCARTA_GPCR_PATHWAY	0.568788501026694	0.757186858316222	0.0738052724171275	0.71830985915493	0.97276295133438	1	PLCG1
BIOCARTA_HSWI_SNF_PATHWAY	0.718685831622177	0.757186858316222	0.062249042949858	0.633802816901408	0.858320251177394	1	TBP
BIOCARTA_INTRINSIC_PATHWAY	0.472279260780287	0.757186858316222	0.0835990603684159	0.76056338028169	1.02998430141287	1	COL4A5
BIOCARTA_ION_PATHWAY	0.568788501026694	0.757186858316222	0.0738052724171275	0.71830985915493	0.97276295133438	1	PLCG1
BIOCARTA_MCM_PATHWAY	0.919694072657744	0.935550867013912	0.0474483193656297	-0.542253521126761	-0.736450584484592	1	CDT1
BIOCARTA_MPR_PATHWAY	0.0783938814531549	0.757186858316222	0.222056046145248	-0.964788732394366	-1.31030818278427	1	MYT1
BIOCARTA_NFAT_PATHWAY	0.0975143403441683	0.757186858316222	0.197822021315103	-0.957746478873239	-1.30074388947928	1	HAND2
BIOCARTA_NGF_PATHWAY	0.568788501026694	0.757186858316222	0.0738052724171275	0.71830985915493	0.97276295133438	1	PLCG1
BIOCARTA_NPP1_PATHWAY	0.472279260780287	0.757186858316222	0.0835990603684159	0.76056338028169	1.02998430141287	1	COL4A5
BIOCARTA_NUCLEARRS_PATHWAY	0.616016427104723	0.757186858316222	0.0697792517076235	0.690140845070423	0.934615384615385	1	PPARA
BIOCARTA_P53HYPOXIA_PATHWAY	0.661190965092402	0.757186858316222	0.0662842187012672	0.669014084507042	0.906004709576138	1	ATM
BIOCARTA_P53_PATHWAY	0.661190965092402	0.757186858316222	0.0662842187012672	0.669014084507042	0.906004709576138	1	ATM
BIOCARTA_PDGF_PATHWAY	0.568788501026694	0.757186858316222	0.0738052724171275	0.71830985915493	0.97276295133438	1	PLCG1
BIOCARTA_PDZS_PATHWAY	0.250513347022587	0.757186858316222	0.122679189568808	0.887323943661972	1.20164835164835	1	DLG2
BIOCARTA_PGC1A_PATHWAY	0.616016427104723	0.757186858316222	0.0697792517076235	0.690140845070423	0.934615384615385	1	PPARA
BIOCARTA_PLATELETAPP_PATHWAY	0.472279260780287	0.757186858316222	0.0835990603684159	0.76056338028169	1.02998430141287	1	COL4A5
BIOCARTA_PLC_PATHWAY	0.568788501026694	0.757186858316222	0.0738052724171275	0.71830985915493	0.97276295133438	1	PLCG1
BIOCARTA_PLK3_PATHWAY	0.661190965092402	0.757186858316222	0.0662842187012672	0.669014084507042	0.906004709576138	1	ATM
BIOCARTA_PPARA_PATHWAY	0.616016427104723	0.757186858316222	0.0697792517076235	0.690140845070423	0.934615384615385	1	PPARA
BIOCARTA_PTC1_PATHWAY	0.548757170172084	0.757186858316222	0.072003313661988	-0.711267605633803	-0.965993623804465	1	CDC25A
BIOCARTA_PTDINS_PATHWAY	0.568788501026694	0.757186858316222	0.0738052724171275	0.71830985915493	0.97276295133438	1	PLCG1
BIOCARTA_PYK2_PATHWAY	0.568788501026694	0.757186858316222	0.0738052724171275	0.71830985915493	0.97276295133438	1	PLCG1
BIOCARTA_RARRXR_PATHWAY	0.718685831622177	0.757186858316222	0.062249042949858	0.633802816901408	0.858320251177394	1	TBP
BIOCARTA_RB_PATHWAY	0.308362369337979	0.757186858316222	0.0985499803531691	-0.58580277062419	-1.13242406305117	3	MYT1, CDC25A
BIOCARTA_RNAPOL3_PATHWAY	0.718685831622177	0.757186858316222	0.062249042949858	0.633802816901408	0.858320251177394	1	TBP
BIOCARTA_SLRP_PATHWAY	0.590822179732314	0.757186858316222	0.0683110858318647	-0.704225352112676	-0.95642933049947	1	BGN
BIOCARTA_SRCRPTP_PATHWAY	0.548757170172084	0.757186858316222	0.072003313661988	-0.711267605633803	-0.965993623804465	1	CDC25A
BIOCARTA_TCR_PATHWAY	0.568788501026694	0.757186858316222	0.0738052724171275	0.71830985915493	0.97276295133438	1	PLCG1
BIOCARTA_TOLL_PATHWAY	0.616016427104723	0.757186858316222	0.0697792517076235	0.690140845070423	0.934615384615385	1	PPARA
BIOCARTA_TPO_PATHWAY	0.568788501026694	0.757186858316222	0.0738052724171275	0.71830985915493	0.97276295133438	1	PLCG1
BIOCARTA_TRKA_PATHWAY	0.568788501026694	0.757186858316222	0.0738052724171275	0.71830985915493	0.97276295133438	1	PLCG1
BIOCARTA_VEGF_PATHWAY	0.568788501026694	0.757186858316222	0.0738052724171275	0.71830985915493	0.97276295133438	1	PLCG1
BIOCARTA_VIP_PATHWAY	0.568788501026694	0.757186858316222	0.0738052724171275	0.71830985915493	0.97276295133438	1	PLCG1
BIOCARTA_VITCB_PATHWAY	0.472279260780287	0.757186858316222	0.0835990603684159	0.76056338028169	1.02998430141287	1	COL4A5
