ensgene baseMean log2FoldChange lfcSE stat pvalue padj
ENSG00000105722 174.147736467795 -1.43512363939334 0.230566309785152 -6.22434231926872 0.000000000483580209071893 0.00000861885006628835
ENSG00000139329 112.310512690399 -5.8676001200353 0.991348688299747 -5.91880555175674 0.00000000324288086550951 0.000028898932832988
ENSG00000089685 55.3047434691801 -1.75592874097914 0.313407448896269 -5.60270263889075 0.0000000211035093256599 0.0000660427081635854
ENSG00000140451 16.1232979689909 -2.72311926964472 0.489166865864618 -5.56685143592365 0.00000002593833569798 0.0000660427081635854
ENSG00000166341 175.720792457478 -1.30832808152974 0.234799956886893 -5.57209677069909 0.0000000251691541141956 0.0000660427081635854
ENSG00000167513 20.4793523033681 -1.83659401946922 0.327752530357598 -5.60359981802547 0.0000000209945119367883 0.0000660427081635854
ENSG00000197757 10.3680390265777 -3.55900725312444 0.635361646384677 -5.60154562897499 0.0000000212448845881965 0.0000660427081635854
ENSG00000236824 6294.63241527259 3.36998291453178 0.614338825387952 5.4855444182673 0.0000000412197963006449 0.0000918325536832993
ENSG00000068489 178.529913593793 -2.83823527287487 0.520906208201175 -5.44864935028523 0.0000000507537625716653 0.000100509367812755
ENSG00000277258 174.092582095336 -1.28202587418311 0.237397676639384 -5.40033033318417 0.0000000665182967022732 0.000118555560212462
ENSG00000106333 122.689239003422 -3.07047964148182 0.57913554624728 -5.30183246629931 0.000000114646029168877 0.000127708511117305
ENSG00000132321 12.8958682894329 2.49251464648871 0.465593432914464 5.35341452495664 0.0000000863098152327121 0.000127708511117305
ENSG00000164530 19.4800912769804 2.23449192624043 0.421428542505804 5.30218459564745 0.00000011442504950281 0.000127708511117305
ENSG00000168542 2053.83701008666 -4.76716386487278 0.889308470640205 -5.36052902030826 0.000000082978595133431 0.000127708511117305
ENSG00000237973 299.004721689088 3.34164247570452 0.625946323134778 5.3385447796376 0.0000000936955668585337 0.000127708511117305
ENSG00000289685 10.0754444492684 5.32554741959299 1.00133545245531 5.31844488930711 0.000000104657909804904 0.000127708511117305
ENSG00000101203 187.749992155075 -4.7228491900733 0.910222901996143 -5.18867321368862 0.000000211797697712031 0.000209715020351196
ENSG00000162063 29.1257905336878 -1.61759578605468 0.311578620328619 -5.19161354636148 0.000000208479382707919 0.000209715020351196
ENSG00000078804 1466.18771686569 2.40619378070091 0.464937077845596 5.17531058579069 0.000000227532160139833 0.000213437141588013
ENSG00000196132 57.6961630436537 -3.61639169443148 0.702886413198949 -5.14505847107316 0.000000267437499244976 0.00023832692745216
ENSG00000101057 33.9503375622882 -3.02189984127357 0.597022837622204 -5.0616151524606 0.000000415719528744367 0.000322146485252646
ENSG00000105323 723.752344114796 -0.682023773382324 0.134613441906844 -5.06653543450958 0.000000405121366301255 0.000322146485252646
ENSG00000112742 7.71810791808955 -2.94026384524569 0.580032224363882 -5.06913878529811 0.000000399619765693728 0.000322146485252646
ENSG00000151150 283.930302300592 1.86574454305164 0.373494094632833 4.9953789627806 0.000000587203433000377 0.000411649163304611
ENSG00000164692 1857.35847960658 -4.05605340190609 0.812664820784193 -4.9910532585773 0.000000600509355659534 0.000411649163304611
ENSG00000262902 28.4835714324554 3.41630098228564 0.682437094021457 5.00603061031473 0.0000005556392480514 0.000411649163304611
ENSG00000165125 6.73783608805774 3.78641869347064 0.765039686666361 4.94931015928057 0.000000744769813913857 0.000488720883444334
ENSG00000237649 24.6535685967728 -2.66031698947756 0.538157111140413 -4.943383510886 0.000000767782345084517 0.000488720883444334
ENSG00000119669 281.05308375032 -0.906291629118849 0.184146423215559 -4.92158149636149 0.000000858476394542187 0.00052760775103191
ENSG00000160781 351.153653379115 1.88705764680044 0.385285331287233 4.89781856084633 0.000000969064507284 0.000575721223777425
ENSG00000131759 140.601155926567 -1.07270168819299 0.221121835940843 -4.85117936737812 0.00000122729490346324 0.000683564908263289
ENSG00000196230 852.060701249452 -1.32698625277523 0.273394375368614 -4.85374379405602 0.00000121152239232616 0.000683564908263289
ENSG00000183496 22.8811312595679 -2.23673814214614 0.463622917963659 -4.82447708144027 0.00000140371056423025 0.00075813131473563
ENSG00000065485 19.0268105052684 -1.81183854086537 0.377121330398178 -4.80439157061831 0.00000155222790799324 0.000813687000122459
ENSG00000142156 1505.37956229118 -2.31092499993263 0.481941041432138 -4.79503673948472 0.00000162645019604915 0.000828234909833827
ENSG00000090447 70.2164303750089 -1.15964967820754 0.242498164679859 -4.78209672117924 0.00000173476168601358 0.000835639392697838
ENSG00000113578 365.59725418015 1.47096865234274 0.307454930665491 4.78433911974937 0.0000017155083752202 0.000835639392697838
ENSG00000117724 87.6687942725589 -2.43047299751666 0.50987024663511 -4.76684610164365 0.00000187132138999197 0.000877698977205972
ENSG00000155090 50.4830686476351 -1.4391933774627 0.30330295883529 -4.74506870288813 0.00000208435578629476 0.000928736829478288
ENSG00000164045 10.6054083155851 -2.54590047287344 0.536271826150344 -4.74740672309661 0.00000206041359088185 0.000928736829478288
ENSG00000099204 254.109256439853 1.05586768639535 0.223066994026835 4.73341065540306 0.00000220778169846462 0.000959738858822803
ENSG00000108821 4115.85524007939 -3.976273816079 0.842741007675976 -4.71826311982178 0.00000237866721815683 0.000985929903004863
ENSG00000173404 35.5981526750641 -2.81965395937347 0.597194608809515 -4.72149935344249 0.00000234112375657962 0.000985929903004863
ENSG00000138160 18.9706635625544 -2.19893439608562 0.46746380432631 -4.70396718576883 0.0000025515427479423 0.00103354878174035
ENSG00000180071 34.594938437734 2.4862525275968 0.529278609674344 4.69743625030785 0.00000263447371719911 0.00104342722359199
ENSG00000073111 51.7231474203256 -1.92461911186122 0.410737094949209 -4.6857689152698 0.00000278910818172951 0.00108065815484707
ENSG00000075702 30.5996012320199 -1.9378087749055 0.416285126101656 -4.65500363429342 0.00000323974992437746 0.00122855452983361
ENSG00000101825 100.707640503393 -3.37566453713386 0.72944267736035 -4.627731063597 0.00000369693658751467 0.00137271876665154
ENSG00000106244 196.476361471081 -1.98643037408446 0.430800994347708 -4.61101622360968 0.00000400705260310953 0.00140034703029845
ENSG00000154493 40.7748775105485 1.68745015136237 0.365762076688109 4.6135186201966 0.00000395908777393799 0.00140034703029845
ENSG00000166535 8.87658604487929 2.55828518936751 0.554188192278645 4.61627516611037 0.00000390688856294032 0.00140034703029845
ENSG00000144231 128.013021805808 -0.984580668630355 0.214210090466868 -4.59633188373375 0.00000429993608135571 0.00147380309188467
ENSG00000134690 8.69909658947341 -2.28911704102115 0.498504692223578 -4.5919668896406 0.00000439088042487025 0.00147657852476344
ENSG00000072952 196.026466382038 1.86831792549195 0.408188578229493 4.57709506129674 0.00000471477246364382 0.00155613684480599
ENSG00000087586 9.39108535906624 -1.9796971072908 0.433785406622176 -4.56377065034624 0.0000050242965292039 0.00157477613344982
ENSG00000125885 49.0484334239125 -1.33531226215069 0.292621841348948 -4.56326928979422 0.0000050363148519688 0.00157477613344982
ENSG00000154263 14.2231706228152 -2.96275997749523 0.648557314037839 -4.56823154001525 0.00000491856523816685 0.00157477613344982
ENSG00000162490 93.5983819528699 -2.29338214965529 0.503988294195408 -4.55046709629746 0.00000535269574169203 0.00164484648627891
ENSG00000080986 10.1553439316109 -2.86753115246604 0.631872105024697 -4.53815120126874 0.00000567495658243143 0.00167087896625473
ENSG00000115163 3.60443632293029 -3.04182450347077 0.670281801660047 -4.53812783807834 0.00000567558520170173 0.00167087896625473
ENSG00000137812 40.8782575510168 -2.87705297731784 0.634196428751146 -4.53653292085436 0.00000571865662018396 0.00167087896625473
ENSG00000121671 87.87497006669 1.46894880950953 0.324520263841913 4.52652414403656 0.00000599617515163481 0.00172370693109011
ENSG00000111602 36.395824036145 -1.20814993400333 0.267798396974298 -4.51141585481291 0.00000643963289972528 0.00181646381184145
ENSG00000124374 215.550398820574 2.27975779378489 0.505635541696715 4.50869768002247 0.00000652267766132823 0.00181646381184145
ENSG00000175793 9.95944315382313 3.40833092845255 0.758034912628535 4.49627170420679 0.00000691553561078138 0.00188146369381147
ENSG00000254726 79.8452173886358 -2.72447742634652 0.606179844598545 -4.49450348873091 0.00000697324602918117 0.00188146369381147
ENSG00000278254 7.6445770629193 -4.69764135713736 1.04589900143092 -4.49148660693851 0.00000707277492483694 0.00188146369381147
ENSG00000105963 219.955386146975 1.93175560149324 0.43065407862635 4.48563173407047 0.00000726982130299197 0.00190544154534156
ENSG00000113758 272.839424253123 -1.26345156827617 0.282938121699733 -4.46546955456574 0.00000798933335829279 0.00203419840635503
ENSG00000283462 5.17110443611262 3.22860048471461 0.722614731122964 4.46794169238327 0.00000789758241598412 0.00203419840635503
ENSG00000148218 147.657311753693 0.953081565388262 0.213806319940942 4.45768659060932 0.00000828489124432896 0.00207974107954472
ENSG00000197451 141.296789741923 -1.02011150683705 0.229159537884251 -4.45153414191432 0.00000852589736538926 0.0021105148436574
ENSG00000141380 197.588081387196 -1.98584672847978 0.446957558001526 -4.44303199023876 0.0000088699971540209 0.00216561588049472
ENSG00000075461 141.306023275527 -2.6882387592811 0.606050214922634 -4.43567000405118 0.00000917863623556178 0.0021771418049287
ENSG00000113368 63.0519925514561 -1.93085117188586 0.435541612659495 -4.43321858523629 0.00000928366589096008 0.0021771418049287
ENSG00000172236 10.0565999243476 -3.55911109947134 0.802447614180213 -4.43531893743288 0.00000919360752640517 0.0021771418049287
ENSG00000124766 477.053872209373 -2.38641077760955 0.53923979778459 -4.42550936969761 0.00000962149802466351 0.0022270644064101
ENSG00000106538 37.5721138036398 -2.12442848358351 0.481378399206573 -4.41321938642257 0.0000101844698790114 0.00227034559925385
ENSG00000153395 199.600950029037 -1.26367257369652 0.286127358852252 -4.41646887164344 0.0000100326340918826 0.00227034559925385
ENSG00000213563 50.0922080261032 -1.6174366428745 0.366509000050153 -4.41308847164237 0.0000101906327745221 0.00227034559925385
ENSG00000071575 444.255232529121 -1.7218744843879 0.391444550870824 -4.39876983996162 0.0000108866206420529 0.00236624682565011
ENSG00000088325 48.586106159583 -2.40498703475386 0.546623903290544 -4.39971069738521 0.0000108395288488068 0.00236624682565011
ENSG00000147140 487.294815490561 -0.966196917948322 0.220516264503238 -4.38152224338143 0.0000117853009487662 0.00253071588927543
ENSG00000037965 9.62815574140711 -3.15607607058888 0.720828084829927 -4.37840330726504 0.0000119551961144636 0.0025366364327153
ENSG00000038427 522.184725053813 -1.97038674016406 0.451266988064848 -4.36634363309756 0.0000126343659917784 0.00264920358907607
ENSG00000230417 6.12791413939226 2.15639740493525 0.494550041348151 4.36032195863713 0.000012987121528131 0.0026676258784063
ENSG00000277224 10.3206379536783 -2.53408914578906 0.581247463017775 -4.35974229054237 0.0000130215705224344 0.0026676258784063
ENSG00000076003 33.6890354844608 -1.47548833542639 0.339649090630492 -4.34415511811745 0.0000139812701394027 0.00270856714885406
ENSG00000101447 6.45134886461689 -2.54494138399723 0.585187043240465 -4.34893665776442 0.0000136799213783288 0.00270856714885406
ENSG00000129993 59.048997804307 3.01407313292642 0.692693606492361 4.35123567573979 0.0000135372447986874 0.00270856714885406
ENSG00000175764 95.2504295210379 1.16012549919776 0.266924216601614 4.34627293831961 0.0000138470250137686 0.00270856714885406
ENSG00000186185 39.8112960906904 -2.53906347128812 0.583559836236224 -4.35099078727604 0.0000135523747097767 0.00270856714885406
ENSG00000164611 16.1439045450698 -1.97143963617116 0.45462678077721 -4.3363913423685 0.000014484097519193 0.0027758072052105
ENSG00000117399 20.7351576970179 -1.68849350648864 0.389932141274563 -4.33022397427793 0.0000148957757003441 0.0027946043190235
ENSG00000139289 348.554847924089 -1.78753755953346 0.412798036229303 -4.33029569583638 0.0000148909247230487 0.0027946043190235
ENSG00000183111 81.1164614630098 1.49162626180312 0.344922473445591 4.32452616642391 0.0000152860060471584 0.00283794256019275
ENSG00000180806 6.27628197084271 -3.39509979881777 0.785532036213913 -4.32203862134176 0.0000154594118885626 0.00284054740298815
ENSG00000158987 89.3258056311392 1.75606769897986 0.407940910867329 4.3047109328806 0.0000167203914996655 0.00303181975276895
ENSG00000168256 98.2267317966952 -1.10625147088882 0.25708097591947 -4.30312459695717 0.0000168406079517548 0.00303181975276895
ENSG00000005448 16.1450645203239 -1.23324008620421 0.287370835135934 -4.29145875440303 0.0000177503176236795 0.00306149217281047
ENSG00000088882 54.4925487300276 -2.46761470870614 0.576324672178171 -4.28163989471421 0.0000185521033814452 0.00306149217281047
ENSG00000113739 40.7710370271579 -2.61723679056534 0.61072778671972 -4.28543918825567 0.0000182378532464263 0.00306149217281047
ENSG00000116157 14.3156302787667 -1.60752902698623 0.375461964732741 -4.28146970394323 0.0000185663003461353 0.00306149217281047
ENSG00000124212 16.9029539704708 -2.05338401272238 0.479008614630946 -4.28673712748239 0.0000181316640502637 0.00306149217281047
ENSG00000130600 267.749749285934 -4.53362140340393 1.05696377850674 -4.28928738675315 0.0000179247311914095 0.00306149217281047
ENSG00000140682 86.0041791799255 -1.98251085691583 0.462777314159469 -4.28394131747063 0.0000183611359559803 0.00306149217281047
ENSG00000145908 16.7545924844339 -1.77842282348864 0.415673465753282 -4.27841315361757 0.0000188230402602773 0.00306149217281047
ENSG00000168314 1317.74951904481 2.4883724810798 0.58172646141612 4.27756453612623 0.0000188949188693908 0.00306149217281047
ENSG00000176531 23.6198260300179 -1.59828596531427 0.373294902409379 -4.28156386545424 0.0000185584443077744 0.00306149217281047
ENSG00000184897 202.958280503924 -1.07769687377375 0.250916484927761 -4.29504212959152 0.0000174660164919734 0.00306149217281047
ENSG00000130726 241.318776130451 -1.00771234180545 0.235695189235766 -4.27548964861321 0.0000190717662779685 0.00306230712047057
ENSG00000112578 14.5388783424078 -1.54378318470204 0.361783508365073 -4.26714637070804 0.000019798926341783 0.00315068093026426
ENSG00000149328 19.5878277167403 -2.29602036951588 0.538611197545245 -4.26285301898687 0.000020183328358829 0.00318342886141071
ENSG00000112559 45.0537473575523 -2.26813248568233 0.53297593682275 -4.25560016687327 0.0000208488997966134 0.00325956088662316
ENSG00000100033 160.035770699889 1.92270957416946 0.452601523654046 4.24812881460628 0.0000215563442479337 0.00332006334400513
ENSG00000106462 36.1174902020525 -2.04578250112576 0.48163394979602 -4.24758782472078 0.000021608446833002 0.00332006334400513
ENSG00000136261 62.3807092214939 -1.48444002711605 0.351464302136183 -4.22358691364583 0.0000240444583727155 0.00366277249211034
ENSG00000145794 71.0950935555646 1.59513504424064 0.378465423359746 4.21474445427583 0.0000250061169266922 0.00374524388222215
ENSG00000173894 19.679001099727 -2.68181685766845 0.636160621261816 -4.21562851901946 0.0000249083490354097 0.00374524388222215
ENSG00000117122 18.251681903359 -3.20922613815284 0.762443912493756 -4.20913077744472 0.0000256354985945475 0.00378050306459565
ENSG00000145386 10.8306693583912 -1.95231642720975 0.46385826450397 -4.20886416521536 0.0000256657617020745 0.00378050306459565
ENSG00000112592 37.4366244113065 -0.928417344792185 0.220761241569605 -4.2055269221679 0.0000260474578298301 0.00380527738443493
ENSG00000164107 6.15897795007841 -4.42027443531311 1.05184555864352 -4.20239872573457 0.000026410141459299 0.0038268939124316
ENSG00000135451 18.4650914173088 -2.56219608791253 0.611229704384565 -4.19187102579112 0.0000276663272104479 0.0039447755989745
ENSG00000183337 95.8431874160664 -1.31398011562368 0.313435981824185 -4.19218019570175 0.0000276286401945162 0.0039447755989745
ENSG00000120802 88.5254939184928 -1.48915450992617 0.356611589843753 -4.17584439860364 0.0000296882711889503 0.00419947664603699
ENSG00000227392 8.88674275101001 2.59692654581823 0.622583675280751 4.17120886545436 0.000030298798391474 0.00425209042308064
ENSG00000143469 29.8821027809579 1.33241832686119 0.319888616553686 4.16525708609445 0.0000311001906433961 0.00426383613720961
ENSG00000198885 16.4693438547034 -1.6165720431137 0.387974102954952 -4.16670089782103 0.0000309039548833196 0.00426383613720961
ENSG00000225614 106.124721423652 -1.50392281659131 0.361054900850259 -4.16535771443532 0.0000310864754393714 0.00426383613720961
ENSG00000270882 19.2742463450008 -1.7127250163913 0.412420362259287 -4.15286240235277 0.0000328342184605421 0.0044672082108568
ENSG00000173621 71.9271543922204 -1.37457004417172 0.331729211108426 -4.14365090001809 0.0000341819968017119 0.00461534643179479
ENSG00000142173 1405.28760477115 -2.7975448697707 0.675740074803282 -4.13997182361147 0.0000347348482750746 0.00465473083313274
ENSG00000077279 163.457166117381 -2.9152393327767 0.70626637568921 -4.12767679890164 0.000036644666804194 0.00482064588537152
ENSG00000137441 4.54504532596784 -3.90052609590035 0.944989757353035 -4.12758558021403 0.0000366592017251738 0.00482064588537152
ENSG00000161551 65.0276037506311 -1.11207707056037 0.269476756202178 -4.12680145862387 0.0000367843707799207 0.00482064588537152
ENSG00000101327 13.6008483511973 4.00508465463386 0.971579243355158 4.12224188816868 0.0000375202911931478 0.00488119817471149
ENSG00000090776 89.8112394839884 -1.3044963131977 0.317097156540632 -4.11386947593314 0.0000389081488146207 0.00499506173902479
ENSG00000162086 44.8898597092616 -0.886291564318543 0.215454750310237 -4.11358562780517 0.0000389560445337174 0.00499506173902479
ENSG00000148773 127.813406505442 -2.42268053513243 0.589454503316025 -4.11003821584777 0.0000395593642208069 0.00503618963219601
ENSG00000069493 20.8816445572296 -1.89495712154037 0.461575720188404 -4.10540901234339 0.0000403600123472138 0.0050431580888881
ENSG00000130635 463.118606693339 -2.58880889046484 0.630675368949926 -4.10482003566304 0.0000404629751843684 0.0050431580888881
ENSG00000178691 73.8692412964719 -0.732112163457292 0.178312078376216 -4.10579120676631 0.0000402933315287236 0.0050431580888881
ENSG00000251442 77.3735125504098 1.18422507400441 0.288870339290216 4.09950387053989 0.0000414036746403021 0.0051245673132924
ENSG00000176887 370.549627181231 -2.97969216668293 0.728422233614775 -4.09061122681044 0.0000430237814997952 0.00528836453566103
ENSG00000133466 37.5430318695807 -1.59617856831278 0.390672993964341 -4.08571514533323 0.0000439412616714561 0.00536414456692029
ENSG00000147488 130.415742142374 2.43109669186396 0.597121045655259 4.07136326805591 0.0000467387943038909 0.00566684034611053
ENSG00000159459 91.5502295856426 -2.11972565773329 0.521455108869231 -4.06502040478592 0.000048028259906236 0.00578383565073543
ENSG00000108106 92.8541969814024 -1.35914531829176 0.334708126761983 -4.06068813279301 0.0000489282925570335 0.00581463219472415
ENSG00000167900 13.1259207689574 -2.02704992176787 0.499193572081963 -4.0606490851109 0.000048936476979668 0.00581463219472415
ENSG00000111846 11.8872364409764 1.71898228027793 0.423641254451582 4.05763664944107 0.0000495718127256329 0.00585111535237719
ENSG00000112655 71.8292681920747 -1.45649918849909 0.359204629176922 -4.05478958285282 0.0000501794518738306 0.0058838708601795
ENSG00000122691 24.3312752183246 -2.5504862536135 0.63015125814184 -4.0474191246309 0.0000517854660545718 0.00599332702266645
ENSG00000213420 23.362696966983 -2.07470806910778 0.512506060977152 -4.04816299177441 0.0000516211945616151 0.00599332702266645
ENSG00000198353 13.4750823012956 -2.28504893200887 0.567421227373965 -4.02707692587413 0.0000564745599891978 0.00649384569475789
ENSG00000280351 15.620271413377 -1.5981128710707 0.396994482272381 -4.02552917593001 0.0000568473311875018 0.00649480758817208
ENSG00000232177 17.3130992143353 2.38387644158523 0.592670649846542 4.02226167636693 0.0000576419669076203 0.00654364825601603
ENSG00000135446 98.6075744758383 -1.3874617505214 0.345911761806605 -4.01102796642433 0.0000604549478717657 0.00677665745860679
ENSG00000182199 90.1572340532286 -1.27525247932768 0.31783061808923 -4.01236509872583 0.0000601134323798715 0.00677665745860679
ENSG00000196591 114.004627112836 -1.35895789115898 0.339018849033068 -4.00850246242925 0.0000611050017960374 0.00680671529381735
ENSG00000210174 11.9116286475767 3.41786404944117 0.853553323579814 4.00427712601083 0.0000622074070800565 0.00688647587818538
ENSG00000102384 11.1227951753543 -1.85037066397203 0.464177325605783 -3.98634436000762 0.0000670991075066821 0.00703474937112702
ENSG00000122566 1108.49402346046 -0.632553555715568 0.158507876705173 -3.99067585071577 0.0000658852771939108 0.00703474937112702
ENSG00000138101 45.035118923182 1.21182434265623 0.30382290144184 3.98858788098371 0.0000664677793438452 0.00703474937112702
ENSG00000140557 5.44660640764187 -3.66630453683657 0.919141883001629 -3.98883415568396 0.0000663988209213281 0.00703474937112702
ENSG00000168393 26.3654694808698 -1.09097454859538 0.273553703126331 -3.98815492580465 0.0000665891737776012 0.00703474937112702
ENSG00000180354 2175.36066731242 1.8334189559238 0.459725378409697 3.98807427657364 0.0000666118098365607 0.00703474937112702
ENSG00000180730 5.31567242971819 2.36107936057219 0.591902840822807 3.98896440045809 0.0000663623789645504 0.00703474937112702
ENSG00000197971 11736.5471843676 2.20246367625718 0.552081396867542 3.98938216131489 0.000066245618858041 0.00703474937112702
ENSG00000291029 9.87543415427445 -1.54625097101914 0.387788048592491 -3.98736107683408 0.0000668123028957086 0.00703474937112702
ENSG00000141753 196.162563093611 -2.20717236449749 0.55410891728446 -3.9832825201844 0.0000679698723239303 0.00708436862239421
ENSG00000161202 399.988192680907 -0.666304482388993 0.167538867969357 -3.9770143517435 0.0000697859546886367 0.00723136668846263
ENSG00000178409 12.4538455312721 -1.2909839994206 0.32504244943916 -3.97173969630155 0.0000713496597923946 0.00735066466173323
ENSG00000124120 58.627474428578 -0.63960211168349 0.161185946555066 -3.96810097501263 0.0000724476381796884 0.00742088652457808
ENSG00000178999 10.7460992139563 -2.43634375525829 0.614738260469804 -3.96322127956759 0.0000739451834151945 0.00753100002290863
ENSG00000197111 659.90426122609 -0.521951165591827 0.131769634005201 -3.96108837618251 0.000074608910265363 0.00755542390715661
ENSG00000179409 28.8401945468515 -1.15479706928265 0.291703403852975 -3.95880560195551 0.0000753255145503208 0.00758489630412637
ENSG00000163808 17.1294434472835 -1.99919798606592 0.505255635757086 -3.9568049212757 0.0000759589118489012 0.0076057061004661
ENSG00000137807 11.1150081656506 -2.26670414325096 0.573278525006134 -3.95393171796678 0.0000768773572999105 0.0076546655818788
ENSG00000168309 2057.20492785551 1.54915973462032 0.391998773275727 3.95195046574971 0.0000775167885038045 0.00767545400835171
ENSG00000141542 202.970560355877 1.47578136169673 0.37399790739989 3.94596154817192 0.0000794803691271956 0.00782640120969065
ENSG00000131473 218.601624937723 -1.01255237733059 0.257669042214397 -3.92966251835593 0.0000850651671756695 0.00833031029984592
ENSG00000279419 7.36434049463567 2.41643883200077 0.615347386623939 3.92695066969959 0.000086029617032733 0.00837872057035192
ENSG00000070759 15.5629857645151 1.46251300425562 0.372686694100918 3.92424260754421 0.0000870030241716116 0.0084109579575575
ENSG00000164619 22.1523520523989 -2.40668803476982 0.613417445426962 -3.92340982916564 0.0000873044505497468 0.0084109579575575
ENSG00000164032 67.0933237906862 -0.952849344713941 0.24301287202293 -3.92098301946752 0.0000881884777686835 0.00845044752296369
ENSG00000122367 72.4782158216467 1.867535215128 0.476792012211493 3.91687605349313 0.0000897038395519724 0.0085136640028475
ENSG00000143772 773.586028652001 1.05906542361961 0.270403726354818 3.91660809522249 0.0000898035590268378 0.0085136640028475
ENSG00000163710 18.9983334282838 -3.23812171302485 0.827784892031689 -3.91179126871633 0.0000916140779567683 0.00863935297049461
ENSG00000105251 32.8685072181688 -2.6346690112515 0.674003666060262 -3.90898320576188 0.0000926854063363248 0.00869437893227535
ENSG00000152910 92.4875379318293 1.79034865561125 0.45816514366616 3.90764919671797 0.0000931984911838933 0.00869673669303942
ENSG00000140937 184.634385378946 -1.5781631566245 0.404122734708022 -3.90515806482584 0.0000941638167432435 0.0087410505511189
ENSG00000050344 20.7976425696984 -2.64562888626047 0.67772730387171 -3.90367758705686 0.0000947419741022296 0.00874915131825926
ENSG00000010282 89.7584824937668 1.76367945762948 0.452294986215216 3.89940085869152 0.0000964310117503392 0.00885922640425926
ENSG00000142945 16.4189169012666 -2.22600040739926 0.571495874147318 -3.8950419558505 0.0000981817336094995 0.00897381045190825
ENSG00000203727 11.7408130086242 -1.18636705956545 0.304686681605174 -3.89372798743725 0.0000987153381223206 0.00897654832323531
ENSG00000180929 11.2378667299091 1.89139848137078 0.486148513468334 3.89057752717778 0.000100005918201236 0.00904774355381026
ENSG00000172508 422.432655928338 1.91838228580732 0.493595821440308 3.88654482570273 0.000101681157426156 0.00915284479195139
ENSG00000260630 20.4870702159865 1.30826279043405 0.336781759596449 3.88460109004028 0.000102498039333215 0.00918001283937638
ENSG00000090889 17.6960569263759 -2.23423356043942 0.575663882915271 -3.88114249781459 0.000103966898310337 0.00926501014292568
ENSG00000101003 31.2797838369353 -1.50007686556651 0.386805946973892 -3.87811220924109 0.00010527016370254 0.00933447824711629
ENSG00000131351 10.7020635937782 -1.27927787655836 0.330179570637618 -3.87449130813245 0.000106847656652196 0.00942745437877276
ENSG00000160678 170.709343014084 1.65392538731762 0.427738396136377 3.8666750571307 0.000110329275799954 0.00959218869552476
ENSG00000163041 826.211891958851 -0.922995405693031 0.238684720832124 -3.86700666249268 0.000110179418955833 0.00959218869552476
ENSG00000164104 65.1948744637605 -1.17538365113534 0.303976402685727 -3.86669373263994 0.000110320830983456 0.00959218869552476
ENSG00000258947 182.244828796402 -1.13665321694984 0.294096782431393 -3.86489511225781 0.000111136947996694 0.00961550400070426
ENSG00000086205 37.6475019560525 2.1489388097897 0.557092079848302 3.8574212190826 0.000114589594866674 0.00981889591013815
ENSG00000108387 465.51270191162 1.76155056003156 0.45658975582933 3.85805975176109 0.000114290710671875 0.00981889591013815
ENSG00000154640 34.1444471463544 -1.18194185966227 0.307051946685466 -3.84932215027777 0.000118445146907589 0.0101007074322199
ENSG00000117266 532.113228683165 1.64262884415009 0.427546936716894 3.84198482806058 0.000122043381857387 0.0102293745897747
ENSG00000119326 19.1524970594732 -1.26414286761094 0.328992869066224 -3.84246282054363 0.000121805870105027 0.0102293745897747
ENSG00000159335 802.659438496391 -1.0354769224187 0.269575707832222 -3.84113587513292 0.000122466298506376 0.0102293745897747
ENSG00000162728 112.537840461439 1.42954978726008 0.372065408651297 3.84220019926623 0.00012193631113335 0.0102293745897747
ENSG00000187164 279.167476625663 1.66938864396656 0.434689007218714 3.84042065992851 0.000122823663929292 0.0102293745897747
ENSG00000011638 18.6784017059963 -1.21628179497821 0.317815106143006 -3.82701064697325 0.000129708906499881 0.0103726585791724
ENSG00000066468 152.310030486206 1.35917633924973 0.354661161462644 3.83232360048786 0.000126938614419996 0.0103726585791724
ENSG00000071564 236.588277801785 -1.19589685423464 0.3127815721793 -3.82342490928175 0.000131610685814005 0.0103726585791724
ENSG00000105202 67.7745665085368 -0.87928484718538 0.230115833684026 -3.82105321962649 0.000132882970206499 0.0103726585791724
ENSG00000106346 47.1786807372389 -0.847513153619983 0.221878678189147 -3.81971427149704 0.000133606353024051 0.0103726585791724
ENSG00000121297 50.5828370215023 -1.06255582498275 0.27816105950981 -3.81993017590329 0.000133489457709311 0.0103726585791724
ENSG00000132702 167.64351225786 2.13152557692351 0.556903826306999 3.827457230916 0.000129473872164286 0.0103726585791724
ENSG00000147394 19.6222604979945 1.20319233594558 0.314346130571878 3.82760345659944 0.000129397001765012 0.0103726585791724
ENSG00000153044 8.24885448952422 -1.7607318357086 0.459645924441083 -3.83062644980394 0.000127817426590639 0.0103726585791724
ENSG00000156103 110.721328933305 -2.30836858978191 0.604128791566493 -3.82098754769882 0.000132918364021811 0.0103726585791724
ENSG00000167995 220.383184202269 1.03767507543291 0.271673009395168 3.81957367698438 0.00013368252577831 0.0103726585791724
ENSG00000196584 20.0244383222991 -1.70348056832139 0.444462502115726 -3.83267555803357 0.000126757079497799 0.0103726585791724
ENSG00000203685 76.2419629419029 1.53150202090709 0.400206611111903 3.82677841490945 0.000129831287634372 0.0103726585791724
ENSG00000225339 60.4435668150802 0.945451543799102 0.246604555848284 3.83387703664633 0.000126139214848929 0.0103726585791724
ENSG00000244062 7.08121394145948 2.65763880319451 0.695852821865688 3.81925418663816 0.000133855774741046 0.0103726585791724
ENSG00000270021 18.8425274002026 1.5543014670699 0.406800990312963 3.82079076521946 0.000133024472922143 0.0103726585791724
ENSG00000147459 237.694902155343 1.82679373064933 0.478599553566169 3.81695661234411 0.000135107917641181 0.0104243654377436
ENSG00000223749 7.82733938895407 -2.07931338990911 0.546630700532089 -3.80387231797466 0.000142451624743957 0.0109436004647049
ENSG00000270388 10.5649347822581 2.94176482353886 0.773752428936303 3.80194583373778 0.00014356411835403 0.0109817308215617
ENSG00000142449 45.5163001690974 -3.7898166830659 0.997088672720191 -3.80088229537978 0.000144181783710767 0.0109818458593034
ENSG00000140988 917.666842128989 -1.00978726748317 0.265965939110675 -3.79667889376981 0.000146647545780176 0.0111221242912344
ENSG00000054690 447.147082062837 1.83825060070784 0.484719477735774 3.79240093526816 0.000149197775578174 0.0112675930259737
ENSG00000129810 7.22300525782218 -2.26581789130213 0.598884283357003 -3.78339848660121 0.000154701436564983 0.011450179255007
ENSG00000148826 85.6771231380713 2.0062845705033 0.530314788278208 3.78319559410587 0.000154827649691785 0.011450179255007
ENSG00000162849 87.8074101215135 -1.5646210637176 0.413479232955076 -3.78403784039039 0.000154304347522222 0.011450179255007
ENSG00000179051 280.57156159046 -0.945090337838673 0.249638210733109 -3.7858400565492 0.000153190186790105 0.011450179255007
ENSG00000267077 14.4128882146131 2.78544970621585 0.735790921843771 3.7856538094218 0.000153304976111357 0.011450179255007
ENSG00000157693 57.1754305046759 1.14964557968179 0.304289527446993 3.77813061569153 0.000158010003949273 0.0116372409106938
ENSG00000099785 118.996096430285 0.739298849689373 0.196012418367999 3.77169393574541 0.000162143065077004 0.0118924932052158
ENSG00000090006 200.616836788917 -1.31742559352884 0.349555166458516 -3.76886317223174 0.00016399274871756 0.011929970450584
ENSG00000100364 618.685489394802 1.24434819510467 0.330108755419203 3.7695098196486 0.00016356847367464 0.011929970450584
ENSG00000143147 69.0428700007215 -1.2139049195002 0.322286292780036 -3.76654219150644 0.000165524122089446 0.0119438721781384
ENSG00000198563 718.811406490082 -0.650884295909269 0.172771877054491 -3.76730465053629 0.000165019577110353 0.0119438721781384
ENSG00000165244 10.4363914467378 -1.65973405547721 0.440809323214865 -3.76519725892503 0.000166417649213851 0.0119599264594293
ENSG00000060718 97.7602895075659 -2.37728644105825 0.63214468140943 -3.76066826309106 0.000169460040873032 0.0121296638894781
ENSG00000168298 53.187238957589 -1.26564874406486 0.33675873863057 -3.75832487439414 0.000171054696410873 0.012194831416524
ENSG00000131873 94.6806865578522 -1.22583802329235 0.326731559305975 -3.75182007485352 0.000175555440216074 0.0124658351034705
ENSG00000107147 77.5107616606956 2.88128142640495 0.768626576708437 3.74861020125499 0.000177817202549414 0.0125763333374532
ENSG00000163597 168.405692004586 -1.21032929717157 0.323010016271254 -3.74703333086481 0.00017893831718407 0.0126056032694533
ENSG00000232021 4.71022260448138 -3.99893091545874 1.06891067650796 -3.7411273021642 0.000183196692818888 0.0128547821106734
ENSG00000120915 20.0957650694307 1.70118182702455 0.454997500312937 3.73888169903026 0.00018484067912113 0.0129192761724545
ENSG00000210156 14.4474579857636 3.16619096014458 0.847184860249621 3.73730824133433 0.000186000845950738 0.0129495823335156
ENSG00000135525 135.415122478192 1.45949187608147 0.39167464739287 3.72628630879323 0.000194321668044758 0.0133207503444681
ENSG00000169607 13.0515535927041 -2.2118896866516 0.59355599435781 -3.72650551536377 0.000194152825729242 0.0133207503444681
ENSG00000188580 40.9175235765082 1.98497653441142 0.532669497734982 3.72646930761372 0.000194180704985214 0.0133207503444681
ENSG00000253671 4.67271553316294 2.21157559456975 0.593324603572451 3.72742943955752 0.000193442693548562 0.0133207503444681
ENSG00000188385 83.0545618616442 2.09565336133194 0.562697537700049 3.7242980836519 0.000195859398233589 0.0133747205161581
ENSG00000184925 21.8454624055983 1.97511625965434 0.530597932619438 3.72243489510721 0.000197310794551923 0.0134224056919806
ENSG00000275832 385.271546810208 1.09611648171588 0.294869399726029 3.71729478451923 0.000201367436153904 0.0136462806637682
ENSG00000177732 282.573565668298 -1.17787085535913 0.317047186857031 -3.7151279184517 0.000203100923078282 0.013711620272819
ENSG00000198826 21.4277581831259 -1.74388722624174 0.469759757023186 -3.71229591332504 0.000205387658201753 0.0138136763476598
ENSG00000266844 210.031797255107 2.17953706904307 0.588851268295613 3.70133713959993 0.000214466291707182 0.0143700478086358
ENSG00000204604 18.9389125825559 -1.54116313102202 0.417078863042917 -3.69513602242517 0.0002197691013348 0.0146702048430342
ENSG00000121653 564.196408892772 1.00844493222904 0.273038075231079 3.69342236014362 0.000221256083788816 0.0147143551543585
ENSG00000167676 12.1874647732308 1.67690108002636 0.454389561534986 3.69044806918886 0.000223859387881991 0.0147484128832921
ENSG00000169679 14.9984520490117 -2.19728265579233 0.595468937365466 -3.69000382373221 0.000224250681219332 0.0147484128832921
ENSG00000196358 150.33226977367 1.5962258569004 0.432482935709173 3.69084124506081 0.000223513611580617 0.0147484128832921
ENSG00000064393 3803.90580957579 1.30555693066197 0.354042389266024 3.68757236490398 0.000226403718744679 0.0148352701440677
ENSG00000244486 36.2046655386274 -1.19732457788946 0.324797455081114 -3.68637302773952 0.00022747285372365 0.0148507277359583
ENSG00000132016 19.1959081779682 -1.98866440565436 0.53968196137059 -3.68488211205707 0.000228808520043074 0.014883409681488
ENSG00000140479 125.247831025208 1.60428840214851 0.436556592619055 3.6748692592725 0.000237971242365756 0.0154231325552177
ENSG00000130147 79.0701606276233 -1.02168881194709 0.278751681924577 -3.66522922801067 0.000247117143669013 0.0159578581580175
ENSG00000101412 26.1233738960572 -1.1424476500747 0.312069784075103 -3.66087237013553 0.000251357953701495 0.0161149381612293
ENSG00000132465 4.79284333953601 -3.36252265168296 0.918303999909291 -3.66166612800893 0.00025058028821615 0.0161149381612293
ENSG00000103460 22.9927210120041 -1.90851965186974 0.521618660584529 -3.65884082776303 0.000253358631833915 0.0161849852873687
ENSG00000162729 205.497973080718 1.0187185518802 0.278793090234493 3.65403084783542 0.000258155231402005 0.0164325024617069
ENSG00000168994 78.5852939247974 -1.0291314623108 0.282159872616414 -3.64733458648057 0.000264974786066224 0.0168065680144424
ENSG00000063660 540.889688073883 -1.00274292915816 0.275387872300106 -3.6412022097524 0.000271367887358225 0.0169111533440057
ENSG00000113719 231.788675116163 -0.710342781600479 0.195057870895981 -3.64170273333541 0.000270840713329342 0.0169111533440057
ENSG00000126778 11.9801858773258 -2.294378551969 0.629770155465737 -3.64319987547238 0.000269269579774387 0.0169111533440057
ENSG00000164961 68.7844600386961 1.39030576386106 0.381769912241951 3.64173739018998 0.00027080424672282 0.0169111533440057
ENSG00000254139 12.4287651157692 -5.04050899483277 1.38406698931353 -3.64180999456735 0.000270727865924772 0.0169111533440057
ENSG00000092607 25.3162019345995 -2.14252612549775 0.589267892961612 -3.63591186808022 0.000276999029948551 0.0172019293058293
ENSG00000065978 638.478910981118 -1.09538309548041 0.301641168070041 -3.63141113160675 0.00028187572293195 0.0174439965618616
ENSG00000128534 94.324812221765 -1.28254492011919 0.353400331607082 -3.62915596113573 0.000284349417378819 0.0175361926157187
ENSG00000104043 19.4659967853373 1.73509263547046 0.478815078639776 3.62372179338949 0.000290393959839078 0.0177601426664132
ENSG00000164694 9.38888299452964 -2.87870267200489 0.794517355976273 -3.62320929851513 0.000290970187880416 0.0177601426664132
ENSG00000197892 264.199749938035 0.993185289438843 0.274055580460893 3.62402870165444 0.00029004939683447 0.0177601426664132
ENSG00000144355 27.9139774783936 -2.46231408224483 0.681022847135583 -3.61561156516474 0.000299639392542263 0.0182268699429377
ENSG00000007384 46.4629206578666 -1.38466243861439 0.383378980210835 -3.61173280249458 0.00030415786670714 0.0184387947561951
ENSG00000141985 161.639576420487 -0.808284551454355 0.22391112076785 -3.60984549888606 0.000306379440178695 0.0184563934682005
ENSG00000157456 8.52957710894688 -2.14814566846876 0.595099178659258 -3.60972716061964 0.000306519242921357 0.0184563934682005
ENSG00000183230 69.124345297997 2.09615327658901 0.581287356515045 3.60605344860062 0.000310889129521134 0.0186564880655056
ENSG00000131653 139.617951547269 -0.975407632933023 0.27060604534763 -3.60453008978414 0.000312718219128225 0.0187032779178602
ENSG00000099219 65.5555513256227 1.09335264805529 0.303639015026817 3.60083057165341 0.000317202241754937 0.0188449851826608
ENSG00000142606 13.3791094493457 2.57564885443589 0.71518038342603 3.60139751330622 0.000316511193740713 0.0188449851826608
ENSG00000129250 877.043237701723 1.22429361003847 0.340170638026448 3.59905727649335 0.000319372848757814 0.0189109045960482
ENSG00000089902 69.6382929177909 -1.31976792419094 0.367015368789221 -3.59594729927751 0.000323213234377462 0.0189494390668076
ENSG00000155380 152.762460730797 -1.11154851412597 0.30910317874285 -3.59604362092535 0.000323093644841495 0.0189494390668076
ENSG00000159176 559.728253325108 1.14633624940978 0.318634563397954 3.59765192195448 0.000321102944259871 0.0189494390668076
ENSG00000077152 7.03821760770355 -1.62530003001141 0.452269188930053 -3.59365632192729 0.000326069871272122 0.0189919716198792
ENSG00000168280 1392.93638259359 1.6423420284825 0.456957726402261 3.59407869391565 0.000325541442196238 0.0189919716198792
ENSG00000171357 13.8495961518707 1.20645397515704 0.336014312050766 3.59048389276576 0.000330064627991922 0.0191620256179154
ENSG00000111206 53.9088060358084 -1.94604699332507 0.542595274129717 -3.58655352545483 0.000335077310453993 0.0193429147628972
ENSG00000146731 164.656300480296 -0.919305562588949 0.256359765774022 -3.58599782541268 0.000335791755530782 0.0193429147628972
ENSG00000151388 33.8379041575274 -2.77295704412103 0.773381397737655 -3.58549746894955 0.000336436266425301 0.0193429147628972
ENSG00000112182 38.5234208713208 -1.51850874396174 0.423804505317742 -3.58304058807318 0.000339617812547583 0.0194630491094391
ENSG00000149636 15.2836250614114 -1.22368776910642 0.341707018313899 -3.58110224116707 0.000342147721888225 0.0195451886128649
ENSG00000100196 6.99625512301208 -2.43368569794278 0.679909828352782 -3.57942420664645 0.000344352101506377 0.0196082667896107
ENSG00000134057 14.0268606255563 -1.61924139279918 0.453374952895345 -3.5715281191834 0.000354904435027045 0.0199660963590333
ENSG00000167460 921.546411601652 -1.07173011910036 0.300008953440272 -3.57232711494301 0.000353823062440153 0.0199660963590333
ENSG00000214402 96.6190764675669 1.53106412184475 0.428719732475815 3.57124714788143 0.000355285439717676 0.0199660963590333
ENSG00000240409 19.5821952056416 2.07099838270607 0.579955753313269 3.57095928590159 0.00035567618504175 0.0199660963590333
ENSG00000272841 8.42731750233056 -1.72030567071821 0.481804600333321 -3.57054637819579 0.000356237369812746 0.0199660963590333
ENSG00000144747 88.2667102803158 -1.64576956277521 0.461134231655479 -3.56895985983706 0.000358401326609751 0.020013725999956
ENSG00000154479 5.73641015275204 1.76574408306185 0.49484466149358 3.56827954399333 0.00035933301464321 0.020013725999956
ENSG00000152760 6.4700618947182 2.24534229702806 0.629452308430448 3.56713648827004 0.000360903523149176 0.0200385778600865
ENSG00000104889 21.6401984230864 -1.10773871796349 0.310751910478899 -3.56470444946375 0.000364266418582718 0.0201059019827617
ENSG00000169071 6.4516662136471 -2.62538692205774 0.736510717857424 -3.56462826460317 0.000364372234777088 0.0201059019827617
ENSG00000242419 61.6280938848581 -2.01904372787 0.566555164795344 -3.56371956930149 0.000365636575768696 0.020113397191128
ENSG00000075218 20.6712917066624 -2.0398792950416 0.572986430980077 -3.5600830748338 0.0003707374911553 0.0201942241841518
ENSG00000092871 182.554178072122 1.05727640205513 0.297033985783568 3.55944589729713 0.000371638081826953 0.0201942241841518
ENSG00000131747 77.0844436174831 -2.39346226784944 0.672099399505239 -3.56117304912245 0.000369201643397004 0.0201942241841518
ENSG00000164879 10.0833990344193 -2.81539001085409 0.790871526994209 -3.55985759350103 0.00037105595435793 0.0201942241841518
ENSG00000065717 80.3717073447445 -1.6358467216672 0.46008019146025 -3.55556868570059 0.000377162392072644 0.0203154014777377
ENSG00000091513 757.611639546858 1.47179575199057 0.414221577723339 3.55316050911668 0.000380632142778642 0.0203154014777377
ENSG00000117650 5.12623703600594 -2.41741551995077 0.679803029827479 -3.55605287691093 0.000376468338761175 0.0203154014777377
ENSG00000134769 747.515204360438 1.00905360864219 0.284144580786624 3.55119779461825 0.000383482105434319 0.0203154014777377
ENSG00000145623 90.3608465378443 -1.73534544614753 0.488250572837037 -3.55421077350529 0.000379115247640741 0.0203154014777377
ENSG00000164142 11.9339657981951 -2.73806314176731 0.770977786521013 -3.55141638272439 0.000383163720194528 0.0203154014777377
ENSG00000173950 33.2609925419508 -1.15476392815181 0.325216378128001 -3.55075576082245 0.000384126706951557 0.0203154014777377
ENSG00000182481 82.5063282369478 -1.21269249574617 0.341449511377181 -3.55160120409887 0.00038289471077299 0.0203154014777377
ENSG00000197903 18.2788693251811 -1.31057991002725 0.369066686691971 -3.55106531498217 0.00038367518941334 0.0203154014777377
ENSG00000169918 82.3403095726847 1.40952448553199 0.39714472508091 3.54914568044391 0.000386483199304747 0.020379556394108
ENSG00000184144 796.177548826151 1.58303343622853 0.44620946314832 3.5477361350858 0.000388557275109799 0.0204284847028966
ENSG00000166912 120.972518724402 0.905958374778338 0.255543934316867 3.5452157266037 0.000392291880686903 0.0205641711455372
ENSG00000112984 11.042894654225 -2.2826081642504 0.644640318150571 -3.54090195723259 0.000398761724652089 0.0208054879709776
ENSG00000126603 63.6575273772322 -0.991510570055118 0.280040879729034 -3.5405922557253 0.000399230033444107 0.0208054879709776
ENSG00000141524 200.664838912432 1.56770475528643 0.442942776676348 3.53929409809957 0.000401198612392457 0.0208471220660955
ENSG00000149527 124.831723010308 1.6863391263778 0.477725988832127 3.52992963707147 0.0004156701989157 0.0215363080095189
ENSG00000154839 22.8321347649208 -1.40703227569645 0.398904463516227 -3.52724124291281 0.00041991397653004 0.0216931211701301
ENSG00000066044 158.905185617274 -0.786990940684154 0.223664457914092 -3.51862315552358 0.00043379241960497 0.0218403454650265
ENSG00000087245 202.504957475712 -1.82755905994731 0.519146230317971 -3.52031653745797 0.000431032065527149 0.0218403454650265
ENSG00000104824 646.797020622189 -0.672891805812173 0.191115245256264 -3.52086933153816 0.000430134521360568 0.0218403454650265
ENSG00000115461 4420.42012259833 -1.58762980688093 0.451033657716251 -3.51998078130063 0.000431578069287098 0.0218403454650265
ENSG00000115468 127.418205828598 1.21062665318527 0.343837566849018 3.52092607064331 0.000430042495716756 0.0218403454650265
ENSG00000149929 48.5034171364334 -0.750249897266022 0.212879824599997 -3.52428840391873 0.000424621803153021 0.0218403454650265
ENSG00000198324 40.6494860996183 -1.05120119986306 0.298399387215034 -3.52279945905365 0.000427014334118799 0.0218403454650265
ENSG00000198948 103.362616892042 1.21086095484055 0.34407114886924 3.5192167632187 0.000432822916275899 0.0218403454650265
ENSG00000245293 44.3611205883892 1.72566784861854 0.490435431009781 3.51864433013227 0.000433757801563394 0.0218403454650265
ENSG00000266964 20.3532796356806 1.808229951163 0.514484916468329 3.51464133015902 0.000440348288206395 0.0221079649033876
ENSG00000104415 14.160780456519 -2.44907810861443 0.69737773522452 -3.51183868499322 0.000445018029331529 0.0222796526313928
ENSG00000139146 32.5050350146602 -1.60718937045595 0.458163151431281 -3.50789749336053 0.000451663047145012 0.0224467144196881
ENSG00000181472 20.3350997978216 -0.797788841251109 0.227396482264312 -3.50836052214655 0.000450877587811572 0.0224467144196881
ENSG00000277363 738.021793266182 1.47630623591604 0.420885372050194 3.50762068238374 0.000452133225420413 0.0224467144196881
ENSG00000033327 470.567287924936 1.0571077940671 0.301854748177281 3.50204129784388 0.000461708046994134 0.0228583958932679
ENSG00000116574 145.745766611434 1.19146337007709 0.340687235778041 3.49723513226464 0.000470107281091635 0.023100604988708
ENSG00000164932 9.61297281010641 -2.59042296441584 0.740751797981511 -3.49701880099992 0.000470488672552377 0.023100604988708
ENSG00000274641 3.72798338829359 -2.40780668082897 0.688428214044858 -3.49754212815001 0.00046956654318534 0.023100604988708
ENSG00000286970 4.54776039077204 1.99862324745333 0.571945666762965 3.49442851584998 0.000475077814564805 0.0232618458488696
ENSG00000075651 59.9246051016921 2.15296183743323 0.617708962924163 3.48539841034741 0.000491404778504246 0.0237886113224418
ENSG00000078269 281.353396615948 1.4714137357896 0.422290141285002 3.48436677046776 0.00049330298736828 0.0237886113224418
ENSG00000089250 42.5283773978173 1.56085110932164 0.44808897552277 3.4833508400885 0.000495178971027656 0.0237886113224418
ENSG00000133110 474.034298802728 -4.09937161863975 1.17613265270911 -3.48546705951684 0.000491278706615848 0.0237886113224418
ENSG00000220205 654.225133520635 1.12166786401838 0.321822442013949 3.4853624781387 0.000491470778823447 0.0237886113224418
ENSG00000246731 26.2116654688864 1.20883516194957 0.346791916436714 3.48576510770594 0.000490731700814408 0.0237886113224418
ENSG00000293495 34.2207532761717 -1.29829805444326 0.372705453957194 -3.48344259698539 0.000495009262871145 0.0237886113224418
ENSG00000271270 28.1608440073018 -1.81223092871491 0.520554601263708 -3.48134647991874 0.000498899681311148 0.0239029274731414
ENSG00000005381 4.73474146056053 3.25000394716053 0.933968135212119 3.47978033150178 0.000501825059065931 0.0239781789824028
ENSG00000155850 47.4344621328192 -1.11679746710992 0.321004789079288 -3.47906793014876 0.000503161024486263 0.0239781789824028
ENSG00000064666 112.847100870014 -1.5099866867224 0.434408438274951 -3.47596076337422 0.000509026752945071 0.0241930235139733
ENSG00000187764 233.161149662517 1.32818844177483 0.382627009384569 3.47123545698233 0.000518069515405919 0.0245573217369141
ENSG00000185585 82.414535375535 -1.43221597826468 0.412893331355849 -3.46873119399046 0.000522922379901259 0.0247216063049871
ENSG00000176485 307.939383391763 1.21597791361305 0.351075399776001 3.46358051401176 0.000533037047824296 0.0251331198501916
ENSG00000130294 2052.23677340206 1.39049316032117 0.401802003019789 3.46064267940617 0.000538887578110957 0.0253419348408221
ENSG00000035499 5.69858735954917 -2.31991224344132 0.670701306407953 -3.45893503005976 0.000542315703483517 0.0254360336399651
ENSG00000170166 5.06988083412574 -2.55042175989222 0.737557307095228 -3.45793029959491 0.000544342193924687 0.0254640706622564
ENSG00000128595 483.024869627416 -1.486036719024 0.429868352004876 -3.45695772227295 0.000546310550788615 0.025489248551585
ENSG00000276070 12.9550823449383 2.78858587654767 0.80693914713574 3.45575733491907 0.00054874910469041 0.0255361756994704
ENSG00000136867 52.2082327473049 1.34438602287224 0.389254090265475 3.4537492514346 0.00055285115277655 0.0255934184310038
ENSG00000171368 1140.16553846047 1.60327897449068 0.464151862243716 3.4542120907162 0.000551903154527109 0.0255934184310038
ENSG00000129473 147.128780438355 0.829082689176137 0.240136821269937 3.45254294943868 0.000555329061806309 0.0256415281569271
ENSG00000101126 198.193112645407 -0.737199675908341 0.213736098414812 -3.44911169136066 0.000562434011352935 0.0258357252173798
ENSG00000183691 10.1151299580921 -1.82691558529749 0.529653165797318 -3.44926775345019 0.000562109031560046 0.0258357252173798
ENSG00000136026 152.364643154504 -1.04611511995317 0.303599364312268 -3.44570919087032 0.00056956293599676 0.026095938838741
ENSG00000157800 41.1039135302559 -0.95973509713895 0.278642563272718 -3.4443233864441 0.000572490518404526 0.0261628166910869
ENSG00000113810 85.9426056243622 -1.49996469373487 0.435700672380667 -3.44264948121164 0.000576045412039586 0.0261909627009733
ENSG00000178035 100.408073305689 -0.835294368032356 0.242609252974227 -3.44296170814677 0.00057538077634116 0.0261909627009733
ENSG00000124920 648.857526928997 1.60353776435083 0.466146011107385 3.43999031664227 0.000581734999820923 0.0263823483506573
ENSG00000133805 57.4713067160419 1.19232025071488 0.346821327904643 3.43785158173059 0.000586348984474982 0.0265241064728366
ENSG00000183010 41.3090102939698 -1.57461287996153 0.458159573183007 -3.43682195489685 0.000588582370462453 0.0265577306044362
ENSG00000111786 121.138973738721 -0.6052381431081 0.176250332605089 -3.43396879973108 0.000594812657147565 0.026771075728134
ENSG00000198868 3.57168414827447 3.40856505835505 0.992865623381598 3.4330577855499 0.000596814885464519 0.0267935307396326
ENSG00000077092 25.4360907653584 -2.13499946172565 0.622349003905464 -3.43055013879312 0.000602358641739609 0.0268498617784505
ENSG00000108578 41.1486036346599 -0.90801010973817 0.264680485413935 -3.43058955902294 0.000602271124279761 0.0268498617784505
ENSG00000111450 39.0274873837181 -0.78887646552074 0.230031047728307 -3.42943473636 0.000604839874927617 0.0268498617784505
ENSG00000165724 17.9961643407215 -1.07954095159195 0.31478877736774 -3.42941371868165 0.000604886720315993 0.0268498617784505
ENSG00000170743 20.7227651874449 1.79145487132587 0.522428198061529 3.42909298918602 0.000605601999379291 0.0268498617784505
ENSG00000132854 11.1925841870686 2.11681080058476 0.617607334959415 3.42743792174012 0.000609305597817428 0.0268803308660892
ENSG00000144580 90.6824743697913 -0.800479351812389 0.23351203591112 -3.42800039702051 0.000608044570577743 0.0268803308660892
ENSG00000124422 735.74831950189 -0.662918713852545 0.193641635948678 -3.42343066151456 0.00061836025143297 0.0271454058159848
ENSG00000160949 35.2814666994337 -1.32904578663697 0.388199333048475 -3.42361687280644 0.000617936736634605 0.0271454058159848
ENSG00000143387 42.0617929291139 -1.788243700801 0.522929106646805 -3.41966755736319 0.000626977064294847 0.0274560496730395
ENSG00000091136 273.93754653782 -1.9316110697009 0.565043221127506 -3.41851914592746 0.000629628879708862 0.0275045968702231
ENSG00000163359 1066.88837091043 -1.97007561341552 0.576423729411867 -3.41775591963505 0.000631397025425823 0.0275143989832872
ENSG00000011028 292.155969214142 -1.41725999771116 0.414946286670236 -3.41552640242682 0.000636588577943578 0.0275386364676903
ENSG00000158865 28.2824481427353 1.89094032828856 0.553600548307054 3.41571252787082 0.000636153660315303 0.0275386364676903
ENSG00000273151 13.2128498716248 1.14083631370872 0.333946514566781 3.41622464659854 0.000634958423236879 0.0275386364676903
ENSG00000169247 126.339382171181 2.04197670077885 0.598340777505114 3.41273197072282 0.000643151638892775 0.0276881441062462
ENSG00000198121 184.50631079622 1.44299592738592 0.42280431197293 3.41291677147869 0.000642715676015044 0.0276881441062462
ENSG00000185633 65.4926348381288 -1.09431185026135 0.320881003174325 -3.41033541853784 0.000648830305837395 0.027865307327566
ENSG00000221857 72.1227984490293 1.67143084611258 0.49073830260412 3.40595147605776 0.000659338968972867 0.0281795769449755
ENSG00000244734 468.645155934006 1.57024641872559 0.461117099278186 3.40530945649942 0.000660891161027873 0.0281795769449755
ENSG00000293483 5.98322540141044 -2.89641743568267 0.850368984437472 -3.40607135101321 0.000659049526600027 0.0281795769449755
ENSG00000141447 208.97412152309 1.16125223242485 0.34117768503487 3.40365822080704 0.000664898926863243 0.0282828008913689
ENSG00000102996 37.100455863507 -1.44749042856668 0.426895355389521 -3.39073829286785 0.000697046281381615 0.0294394688935178
ENSG00000173546 278.295573347361 -1.59945940697381 0.471562234050225 -3.39183100655904 0.000694272468436154 0.0294394688935178
ENSG00000233822 12.451774076154 -1.85249523261962 0.546281245258524 -3.39110165084093 0.000696122769785364 0.0294394688935178
ENSG00000115457 857.517812840996 -2.12507281622797 0.627613916678566 -3.38595553692339 0.00070930875220726 0.0298865482047045
ENSG00000099822 553.361553905186 1.43926092196303 0.425485315487294 3.38263359409876 0.000717943492885822 0.0301790256455283
ENSG00000187741 31.6780095980181 -1.04236188461116 0.308335244198945 -3.38061218826677 0.000723245429961092 0.0303303607016389
ENSG00000162545 1766.81929506925 1.34409606541078 0.397684812794311 3.37980235143142 0.000725379735092291 0.0303484577900232
ENSG00000123374 32.8328565586747 -1.4139767158712 0.418531512946254 -3.378423540721 0.000729027023261075 0.0304296220973821
ENSG00000120314 84.8779386021491 -0.550396807131708 0.163020440419998 -3.37624414284302 0.000734826818900224 0.0305181260508286
ENSG00000181409 748.909051531721 1.61269091302537 0.477735401161543 3.37569899384545 0.000736284250791467 0.0305181260508286
ENSG00000290970 22.5553753571191 -2.59477798119913 0.768622068404628 -3.37588274896259 0.000735792689849682 0.0305181260508286
ENSG00000007062 16.9344827542747 -2.06337906324436 0.611653895295499 -3.37344220173324 0.000742346295516805 0.0306049567498203
ENSG00000053524 115.975297240958 1.83945587183214 0.54544931878767 3.37236807980725 0.000745247782607979 0.0306049567498203
ENSG00000171792 26.3792020894716 -0.92321103156886 0.273740998877628 -3.372571282176 0.000744698072841047 0.0306049567498203
ENSG00000213462 46.0484027343191 -1.05563200012641 0.312849042487101 -3.37425357525245 0.00074016152093035 0.0306049567498203
ENSG00000165474 13.6687127892599 -3.07475755653641 0.912057879441109 -3.37123073638765 0.000748331525457956 0.0306609489154877
ENSG00000179292 132.665992097853 1.71337186551367 0.508512003262939 3.36938332727562 0.000753365776841226 0.030796417983122
ENSG00000138615 5.14282290829947 -3.04753217364971 0.905375989145745 -3.36604041877139 0.000762555339527851 0.0309303579813968
ENSG00000145041 72.8958827191613 -0.62955313671516 0.187051436177655 -3.36566855395451 0.000763583993256725 0.0309303579813968
ENSG00000169683 41.5267702361656 -0.967059769658851 0.287267739444933 -3.36640574931049 0.000761546014004214 0.0309303579813968
ENSG00000213024 145.65198181211 -0.735744118203564 0.218506881344006 -3.36714392552812 0.000759510384616637 0.0309303579813968
ENSG00000141858 199.009467036444 -0.697079703157404 0.207220013644226 -3.36395935362795 0.00076832857996024 0.0309817200919262
ENSG00000277443 2022.27823623861 -1.09757955941753 0.326218001939267 -3.36455852495187 0.000766662227186636 0.0309817200919262
ENSG00000175602 76.6980714540695 0.975222198788207 0.290092137286338 3.36176708514373 0.000774454189816312 0.0311582325622937
ENSG00000079462 34.5922875060856 -1.39038958851068 0.41377406451764 -3.36026278044165 0.000778683694996035 0.0312578367025098
ENSG00000102007 49.6261587990114 -1.44903757183628 0.431388611859187 -3.35900747493371 0.00078222951512657 0.031278876213094
ENSG00000133119 13.8190002207258 -1.09544569462293 0.326188219868389 -3.3583238998175 0.000784166684452555 0.031278876213094
ENSG00000150672 236.813217629546 1.63470351809211 0.48677735341515 3.35821604399486 0.000784472741247434 0.031278876213094
ENSG00000204262 269.6356454184 -1.94811179938812 0.580526166567438 -3.35576914802481 0.000791446031089499 0.0314864790448843
ENSG00000214491 17.3281298493926 1.32242622967625 0.394335701673366 3.35355440571201 0.000797807277042902 0.0316688621352687
ENSG00000242173 83.9666703826114 1.83353920193299 0.546957088608685 3.35225420808976 0.000801563813103007 0.0317472707576331
ENSG00000148123 50.1429609842491 -2.05046836008884 0.612000427614775 -3.35043615587065 0.000806844064923054 0.0318855471599193
ENSG00000272808 8.75941745377473 1.53032859527208 0.456875064880462 3.34955595721224 0.000809412045489246 0.0319162630237939
ENSG00000151611 17.4417324711547 1.20442320770709 0.359705360867149 3.34836046036001 0.000812912055635683 0.0319835133942489
ENSG00000177602 4.46851024080801 -2.1997911961803 0.657674352858206 -3.34480307255432 0.000823410121720402 0.0323251951529135
ENSG00000177733 338.223901212281 -0.72606201993215 0.217133695009729 -3.34384776116676 0.000826250650245653 0.032365418328194
ENSG00000122565 167.696522104015 -1.01329075216429 0.303256889045751 -3.34136103338913 0.000833687387189698 0.0325851103111447
ENSG00000067836 115.754558067496 0.993832844151823 0.297594233575107 3.33955679252434 0.00083912191348964 0.0326543010133752
ENSG00000132164 58.9402379772586 1.67266077844854 0.500833011703215 3.33975744282552 0.000838515917899332 0.0326543010133752
ENSG00000114302 183.177487269487 -0.591923188067124 0.177398623923364 -3.33668421420695 0.00084784220930512 0.0328501993400982
ENSG00000143621 131.465603731891 -0.982556499953505 0.294438208792455 -3.33705501056792 0.000846711876259407 0.0328501993400982
ENSG00000099308 420.478095695656 1.31501057017924 0.394520882402987 3.33318368895871 0.000858582368285974 0.0329795550645709
ENSG00000120217 6.49150046000536 1.84723793958297 0.554133845271247 3.33355913078861 0.000857424443096163 0.0329795550645709
ENSG00000142961 41.842489137864 0.823127194338732 0.246931428162611 3.33342418364292 0.000857840475773322 0.0329795550645709
ENSG00000167641 95.4351712748588 1.63324054724192 0.489946931593555 3.33350500212297 0.000857591295534321 0.0329795550645709
ENSG00000107736 50.5794719928917 1.67563083090432 0.502901029250145 3.33192961128512 0.000862460672719292 0.0330572829459698
ENSG00000115414 2050.11086687665 -1.85423363368764 0.556943687145113 -3.3293018243773 0.000870639986951312 0.0332991770116593
ENSG00000011105 71.7263177851072 -1.52986143250633 0.459682888219606 -3.32808001279235 0.000874467470692534 0.0333026361755407
ENSG00000167244 805.298938028377 -2.00147630944192 0.601290947833458 -3.32863203188662 0.000872736271217665 0.0333026361755407
ENSG00000156802 47.3770939221669 -1.22037868516977 0.366889342692051 -3.32628545766755 0.000880117439083787 0.0334463392682097
ENSG00000180008 100.094144403981 -1.96736800946761 0.591870644806233 -3.32398308098502 0.000887415795122805 0.0336519398222846
ENSG00000072571 8.15799761485272 -2.26775718167971 0.68279642915688 -3.32127861957325 0.00089606036951704 0.033714419935562
ENSG00000125898 10.2311492526231 -1.09166239173244 0.328670963065647 -3.32144458868549 0.00089552762382464 0.033714419935562
ENSG00000179954 106.995711369203 -1.3953178919484 0.420091471277862 -3.32146207992281 0.00089547149565433 0.033714419935562
ENSG00000276085 16.8406805780313 2.95534101867369 0.889867777072397 3.32110128585233 0.00089662991917502 0.033714419935562
ENSG00000060140 5.45340012189129 4.07505208701441 1.22782541718813 3.31891817026136 0.000903669063697621 0.0337653956441985
ENSG00000129173 5.50655184745131 -2.29969772323343 0.692764113997763 -3.31959707029637 0.000901474579218001 0.0337653956441985
ENSG00000144283 476.421993393975 1.26257277605081 0.380352803414203 3.31947803386076 0.000901858996556046 0.0337653956441985
ENSG00000151572 18.0271704961487 1.76160977426153 0.531221767463311 3.31614757180144 0.00091267621002716 0.0339595576019083
ENSG00000283765 15.6675094987528 1.84734156559912 0.557042434545052 3.31633902739903 0.000912051126649017 0.0339595576019083
ENSG00000135476 19.6003649141639 -2.07964185003935 0.627371123759627 -3.31485108459685 0.000916919569081068 0.0340463697494414
ENSG00000183785 17.224047897528 2.67792271645069 0.808195608554582 3.31345863316435 0.000921497372741003 0.0340792204179724
ENSG00000203778 47.5536635252095 0.964922012092631 0.291216430982208 3.31341885084631 0.000921628471158766 0.0340792204179724
ENSG00000161960 531.840336716481 -0.790881591101504 0.238823126920605 -3.31157874574027 0.000927711263649635 0.0342331218468477
ENSG00000152061 112.570319627297 0.614973671388862 0.185802475292536 3.30982496557497 0.000933543294981395 0.0343073399674573
ENSG00000198901 30.776200714775 -1.53489027772988 0.463768364076941 -3.30960539058079 0.000934275858827954 0.0343073399674573
ENSG00000288695 7.67655293434401 1.73608358767567 0.524617062605474 3.30923965578536 0.00093549723526815 0.0343073399674573
ENSG00000139737 164.311096685146 1.04987849506841 0.31732136370002 3.308565432931 0.000937752689785594 0.0343194377619069
ENSG00000134013 102.7254931444 -1.71290989093621 0.518189790466886 -3.30556472251777 0.000947852099774944 0.0345685589385197
ENSG00000197043 199.597023228269 -0.916060070237047 0.277141187094289 -3.30539130557085 0.000948438833021159 0.0345685589385197
ENSG00000124207 73.464113470476 -0.586839084796127 0.177662252207784 -3.3031163204539 0.000956167164159299 0.0347082838427926
ENSG00000171848 49.8795411355097 -2.14475328854554 0.649261267660268 -3.30337476663986 0.000955286271404223 0.0347082838427926
ENSG00000182492 788.625078212982 -1.56960801687544 0.475430247663471 -3.30144753008326 0.000961873237772466 0.0348444445463794
ENSG00000011304 245.537337645885 -0.896182562732056 0.271780197806659 -3.29745349353815 0.000975658306671951 0.0352721257602722
ENSG00000251322 365.211228773307 1.24496335315104 0.377639704533086 3.2966961318072 0.000978292820634164 0.0352957751865642
ENSG00000145198 50.0652255508248 2.3453370060123 0.711824340923704 3.2948255225002 0.000984828065783933 0.0354597790231657
ENSG00000149091 572.652855220481 1.08410895422352 0.329101281934241 3.29414989772097 0.000987198378893988 0.0354734611028781
ENSG00000101193 109.905593576204 -0.659196433126418 0.200361157425653 -3.29004105184919 0.00100172767044102 0.0359231232802219
ENSG00000066279 23.7803745535813 -2.31452385003816 0.703719400373557 -3.28898684448593 0.00100548723275068 0.0359855400588662
ENSG00000141376 64.1085991600452 1.42896506159843 0.434810038188627 3.28641230904269 0.00101472362619203 0.0361351689476279
ENSG00000147257 5.1726088050174 -2.58900301849358 0.787622457724831 -3.28711172859687 0.00101220665229426 0.0361351689476279
ENSG00000176890 42.5611890667236 -1.11891288533605 0.340495888879498 -3.28612744493968 0.00101575041478772 0.0361351689476279
ENSG00000003436 111.217169142968 -2.25653689587996 0.687332742805844 -3.28303419195232 0.00102696208855556 0.0363165581435033
ENSG00000150275 22.1030097701462 -2.72464411355494 0.829791677929277 -3.28352788540157 0.00102516502076085 0.0363165581435033
ENSG00000178947 46.4911018680182 1.34318200582512 0.409031037291523 3.28381438904798 0.00102412346879506 0.0363165581435033
ENSG00000131153 11.0217968022693 -1.34150875305151 0.408859936796594 -3.28109612196829 0.00103404498008694 0.036494621148692
ENSG00000116962 171.641459282008 -1.81346942956249 0.5528457861804 -3.28024464487957 0.00103717106830615 0.0365185685341891
ENSG00000163479 128.227920424613 -0.912073929552268 0.278088608798142 -3.27979608188238 0.00103882142438612 0.0365185685341891
ENSG00000135736 9.46249625842003 -1.31999662792686 0.402826138434839 -3.27683956422401 0.001049760001337 0.0368304576847034
ENSG00000146918 39.042653186674 -1.30623899988641 0.398863364396765 -3.27490342930329 0.00105698099154573 0.0370109473719442
ENSG00000112118 71.3396712860199 -1.02284686608106 0.312419479147832 -3.27395356035744 0.00106054039176275 0.0370627674556617
ENSG00000107317 987.7013885039 1.32490735192003 0.40494084759133 3.27185404930335 0.00106844717112395 0.0372660155204347
ENSG00000066117 174.608825181287 -0.732411988611326 0.223935514147537 -3.27063793967394 0.00107305195750961 0.0373535254661988
ENSG00000131504 170.320127022943 -0.661922788588847 0.202490292929998 -3.26891121056197 0.00107962174296301 0.0375089635961593
ENSG00000177706 572.882086450978 -1.58652963649805 0.485624861998997 -3.26698602284767 0.0010869904688823 0.0376915002468662
ENSG00000153885 63.3446916708834 -0.973320386307594 0.298007712902437 -3.26609125927638 0.00109043101818752 0.0377373825964196
ENSG00000164402 454.419962054063 0.904570396259712 0.277052706157068 3.264975855341 0.00109473407791214 0.0377844167050021
ENSG00000170485 92.0357616851783 -1.09284634962918 0.334752410191907 -3.26464072059308 0.0010960300418833 0.0377844167050021
ENSG00000142731 8.27380671357974 -1.72335854668422 0.528336967984858 -3.26185493560544 0.0011068576973112 0.0380662237605019
ENSG00000149658 110.238080411369 -0.550568982805275 0.168823936391845 -3.26120214095346 0.00110940921212303 0.0380662237605019
ENSG00000254815 4.34740846139676 -2.86014300856161 0.87710370466421 -3.26089491282742 0.00111061192590815 0.0380662237605019
ENSG00000169919 81.1313030582393 -0.821502973456012 0.252132946300938 -3.25821351595793 0.00112116015355344 0.0382805314497758
ENSG00000214575 99.7138592400342 1.00368951638641 0.308000664598531 3.25872516442356 0.00111914027915507 0.0382805314497758
ENSG00000172354 390.522079547273 -0.653520403431929 0.200628312278743 -3.25736879311411 0.00112450230888579 0.0383212326028136
ENSG00000071242 329.777891272452 0.822359753224891 0.252938492623835 3.25122421935157 0.00114909195625283 0.0384572496255917
ENSG00000105707 11.0034132801116 1.62228075818049 0.498403432963105 3.25495502415728 0.00113410324377733 0.0384572496255917
ENSG00000124795 121.610267253543 -0.929695348599068 0.285808847439717 -3.25285713485535 0.00114250923794215 0.0384572496255917
ENSG00000151135 80.1286560742973 -0.736018080834257 0.226358315073335 -3.2515619344304 0.00114772766808948 0.0384572496255917
ENSG00000165113 11.711235222107 1.27483657842943 0.392134730453905 3.25101675374118 0.00114993081080036 0.0384572496255917
ENSG00000166348 253.660463559138 1.22638848083716 0.37718634335965 3.25141273650989 0.00114833020729756 0.0384572496255917
ENSG00000173349 10.5627469553913 -1.27002810938196 0.390464344185709 -3.25260968970299 0.00114350450945375 0.0384572496255917
ENSG00000175063 17.2022352453869 -2.15630787770272 0.662982588118381 -3.25243515643836 0.00114420699739383 0.0384572496255917
ENSG00000183520 56.1571649002368 -0.841064637339731 0.258710939525617 -3.25098211495016 0.00115007092242835 0.0384572496255917
ENSG00000269416 4.64724517431973 -2.28480560659104 0.702359974836889 -3.25304073188631 0.00114177129326022 0.0384572496255917
ENSG00000250742 14.2193720846455 -1.37365503494012 0.422640788295898 -3.25017147653624 0.00115335441038674 0.0384948233264472
ENSG00000204655 192.198674877568 1.62340691378959 0.499585024756594 3.24951076061685 0.00115603704438427 0.0385122397047865
ENSG00000106105 181.580377557747 -0.665813247815814 0.205027070158243 -3.2474406784525 0.00116447936040643 0.038577166618074
ENSG00000198944 37.2110680313802 2.16157343279925 0.665572795874833 3.24768897736883 0.00116346373626184 0.038577166618074
ENSG00000232040 4.62464132516805 -2.59268113488045 0.798193886556256 -3.24818465606942 0.00116143869536127 0.038577166618074
ENSG00000163393 23.6189537213453 1.55431139019553 0.4791100931271 3.24416331964686 0.00117796183604173 0.0389514170756432
ENSG00000103429 70.2636939333299 -0.521596859467478 0.161039372890477 -3.23893995676584 0.00119974827364055 0.0391874168710769
ENSG00000103495 383.238424254213 -0.605011566028519 0.186707509489152 -3.24042438187882 0.00119351923451753 0.0391874168710769
ENSG00000113248 19.750844635212 -1.25426926623843 0.387330336005203 -3.23824175295576 0.00120268849399535 0.0391874168710769
ENSG00000122254 12.8758489930664 1.66488356432072 0.513806448193876 3.24029324694755 0.00119406830571175 0.0391874168710769
ENSG00000183684 48.3561472306109 -0.836236572943146 0.258216555567432 -3.23850874358351 0.00120156337915927 0.0391874168710769
ENSG00000196557 98.8424799557527 -1.67589642667536 0.517475297335552 -3.23860179472228 0.00120117148451643 0.0391874168710769
ENSG00000197121 70.4855173816063 -1.1582261960807 0.357396185359664 -3.24073463435297 0.00119222111419812 0.0391874168710769
ENSG00000293426 6.71764329022257 3.65959865557313 1.12974883360394 3.23930288460567 0.00119822256507295 0.0391874168710769
ENSG00000116273 46.2279646698283 -0.564137415877015 0.174328028079481 -3.23606835970065 0.0012118835782482 0.0394149653560541
ENSG00000128849 94.7081343232476 0.905984883576671 0.280010922499988 3.23553408377028 0.00121415388831563 0.0394168756857004
ENSG00000197483 31.7887772092045 -1.13198156940918 0.350037592939676 -3.233885708968 0.00122118314366201 0.0395011745362758
ENSG00000279811 57.2327929762948 2.27996970775608 0.704912551218692 3.23440078320969 0.001218982657029 0.0395011745362758
ENSG00000151725 9.8483856823138 -1.82500132264199 0.565220539972207 -3.22883050699419 0.0012429753887297 0.0401332433937126
ENSG00000090924 158.856657191326 -1.35182136831323 0.419014027827227 -3.22619597086766 0.00125447430644668 0.040140925608257
ENSG00000121769 26.5748988706091 1.54175054570315 0.477734995233848 3.22720872677221 0.00125004237475006 0.040140925608257
ENSG00000157827 406.802030682296 0.693859295385169 0.215062560733054 3.22631374340614 0.00125395817635243 0.040140925608257
ENSG00000183336 10.4140845491123 -1.58404796480229 0.490897434619711 -3.22684099180396 0.00125164994915614 0.040140925608257
ENSG00000210112 88.3136925679938 2.04413229667055 0.633560033048291 3.22642242256898 0.00125348207130913 0.040140925608257
ENSG00000107902 550.618088713513 1.57516244300458 0.488354030199179 3.22545191725385 0.00125773960728579 0.040173284983252
ENSG00000152192 3.79788577915441 -3.98337488920577 1.23569308423752 -3.2235956808512 0.00126591999386492 0.0402901643761686
ENSG00000189320 13.2888136999384 -3.20938474158859 0.995484213998728 -3.22394337997276 0.00126438396378985 0.0402901643761686
ENSG00000103184 65.4815412477202 1.53416405163262 0.476015467470825 3.22292899384966 0.00126887003597917 0.0403120688970709
ENSG00000087269 49.5224514287139 -0.471776250742369 0.146452654065178 -3.22135678423695 0.00127585209959799 0.0404074949035001
ENSG00000167861 116.663887221849 1.26497621454346 0.392699511792645 3.22123195103791 0.0012764079913971 0.0404074949035001
ENSG00000177374 93.6586152763259 -1.91183149065306 0.593716043813762 -3.22011087720037 0.00128141024858319 0.0404939270576209
ENSG00000182379 37.1477218390291 -1.81996380207462 0.56553689845136 -3.21811681440825 0.00129035254711838 0.0407043423845857
ENSG00000083857 219.72953143164 -0.977473803465648 0.303865155968622 -3.21680121680876 0.00129628379337885 0.0408141876118845
ENSG00000288642 66.6493974005191 1.85847590233931 0.577825018597633 3.21632993124767 0.00129841465387076 0.0408141876118845
ENSG00000227036 66.3478436886098 -1.34209905606138 0.417360513604366 -3.21568287443122 0.00130134550926737 0.0408342975557611
ENSG00000153246 22.7640542956204 -1.88368296320546 0.586391028978352 -3.21233250530338 0.00131661896041243 0.0412409485613898
ENSG00000007545 117.789151107215 -1.4605063011471 0.4547807508684 -3.21145144854587 0.00132066284580562 0.0412471169612433
ENSG00000100162 5.75043595453746 -2.13219817509344 0.663971740185668 -3.2112785018489 0.00132145798316039 0.0412471169612433
ENSG00000165795 988.616084377828 1.41863689914889 0.441835786013612 3.21077862874869 0.00132375867709315 0.0412471169612433
ENSG00000001084 64.8812484745641 1.02972677225168 0.320991646749798 3.20795504393395 0.00133682393395635 0.0413693278879953
ENSG00000152154 58.0772179362677 0.958897187818774 0.298836499090019 3.20876864351809 0.00133304710643511 0.0413693278879953
ENSG00000159055 23.3708235134222 -1.00299848330596 0.312628934822439 -3.20827144127149 0.00133535400772257 0.0413693278879953
ENSG00000167755 81.6184562313922 1.59468420279208 0.497107752688966 3.20792462834482 0.00133696531804328 0.0413693278879953
ENSG00000104738 118.690028771569 -1.03260539281025 0.322043610213095 -3.2064147837834 0.00134400105719407 0.0415149581323569
ENSG00000006451 93.7875302869772 -0.597989565107191 0.18669441880971 -3.20303932447332 0.00135985410842532 0.0416248895305261
ENSG00000059691 26.3611563424879 0.77585772773018 0.242162600445463 3.20387097885046 0.00135593225873474 0.0416248895305261
ENSG00000063180 181.985838411969 1.76029754280796 0.549320076638843 3.2045024707249 0.00135296129142797 0.0416248895305261
ENSG00000129932 67.4237271137422 0.918347541216433 0.286667216124395 3.20353179422487 0.00135753049706987 0.0416248895305261
ENSG00000152952 97.9018705699016 -1.41027546257615 0.440337828202566 -3.20271249084553 0.00136139822647626 0.0416248895305261
ENSG00000186193 41.9225973187887 -1.51552132598029 0.473204759244332 -3.20267557832777 0.00136157272043409 0.0416248895305261
ENSG00000184226 622.330115401741 0.914693809661814 0.285734728674542 3.20119928685207 0.00136856842473148 0.0417671147842282
ENSG00000058729 21.7339781779081 -1.3642475293668 0.426478466983482 -3.19886614444157 0.00137969211802636 0.0420346198625364
ENSG00000183853 115.988420503644 -1.41329922387034 0.44188172722077 -3.19836539238526 0.00138209038985798 0.0420358310894859
ENSG00000123080 55.5577565135681 -1.45469871722634 0.455271170022728 -3.19523574741998 0.0013971666346966 0.04236012197519
ENSG00000123685 11.0762843350221 -1.56371563623744 0.489400493242713 -3.19516563188655 0.00139750612811601 0.04236012197519
ENSG00000186862 32.8299769286115 1.3141268132897 0.41159499008067 3.19276678521316 0.00140916706037089 0.0426410603004931
ENSG00000037241 15.7153122951586 -0.976183685473797 0.306002061951598 -3.19012126666063 0.00142213105946975 0.0428095697266242
ENSG00000092529 221.063138910324 1.38024175912001 0.432788240911331 3.18918498389328 0.00142674546471496 0.0428095697266242
ENSG00000123989 270.573258554432 -1.1659917129717 0.36557924537851 -3.18943629243631 0.00142550555454001 0.0428095697266242
ENSG00000181104 83.8609396509134 -1.76435307218777 0.552993581623106 -3.19054891561159 0.00142002800168971 0.0428095697266242
ENSG00000184481 86.0461036926888 1.1715415748228 0.367305139237037 3.18955944165746 0.00142489832163842 0.0428095697266242
ENSG00000158941 176.242820177259 -0.746430621096959 0.23414198409915 -3.18794010381698 0.0014329021477935 0.042922041983401
ENSG00000248527 2719.82457224124 1.14495099563648 0.359211795644176 3.18739810195608 0.00143559031880118 0.0429304131744855
ENSG00000114867 658.205368152882 -0.59151654763722 0.185614347121007 -3.18680402033574 0.00143854212989755 0.0429466271041274
ENSG00000151320 234.020685361086 1.11512257783508 0.350186585428383 3.18436691819862 0.00145070999518713 0.0432374652913383
ENSG00000137486 270.20246673288 1.3721863915115 0.431008026959399 3.18366783373332 0.00145421782332028 0.0432696565359556
ENSG00000137804 44.3390021498189 -2.01284291323337 0.632743015627885 -3.18113809796222 0.00146697682326603 0.0435192662060065
ENSG00000151790 8.8393949064027 -3.20285147141653 1.0068577482104 -3.18103672252543 0.00146749026481568 0.0435192662060065
ENSG00000134853 159.288482850307 -2.05198133075276 0.645297486800779 -3.17989977138446 0.00147325999619263 0.0436177955351184
ENSG00000134987 45.0507322355553 -0.747519128661736 0.235234298752617 -3.17776418075775 0.00148415410905639 0.0438674605069853
ENSG00000073417 118.787494261737 1.42410119534831 0.448801405693828 3.17312106709361 0.00150809623133914 0.0442272622325083
ENSG00000076604 87.4339996967976 -1.06936586983185 0.337071322912679 -3.1725210575356 0.00151121599616212 0.0442272622325083
ENSG00000104897 649.553001475319 -0.985992090281619 0.310704597495808 -3.17340682509508 0.00150661251208297 0.0442272622325083
ENSG00000172421 4.33550747059239 -1.68931640412968 0.532409485945767 -3.17296451081971 0.00150890967704928 0.0442272622325083
ENSG00000176463 121.031507375066 1.08589209271927 0.34216332092759 3.1736075327287 0.00150557119738721 0.0442272622325083
ENSG00000186026 23.3433891261803 -0.913510168356186 0.287902353338697 -3.17298611061197 0.00150879742335219 0.0442272622325083
ENSG00000014138 31.1554482540598 -0.788153632881546 0.248563026377753 -3.17084018635882 0.00151998741192332 0.0443383562073803
ENSG00000168487 111.14922169944 -0.962313500621517 0.303476531270324 -3.17096513721626 0.00151933376155305 0.0443383562073803
ENSG00000027644 6.38808829472279 -2.66889924982342 0.842048512397316 -3.16953145873395 0.00152684928799339 0.0444373615579294
ENSG00000073792 79.7758680108374 -1.68292184391877 0.531188238944919 -3.16822120772383 0.00153374772382679 0.0444373615579294
ENSG00000106086 34.4309985651416 -0.798233466994434 0.251981680295296 -3.16782341501568 0.00153584776522945 0.0444373615579294
ENSG00000135316 204.710946027123 -0.697534885698812 0.220179646830183 -3.16802618107929 0.00153477698473319 0.0444373615579294
ENSG00000167670 41.1589572412743 -1.15073349137046 0.363190030915035 -3.16840605032923 0.0015327727964386 0.0444373615579294
ENSG00000196187 259.006547868577 1.29178711777901 0.408207732997293 3.1645336757684 0.00155331685483124 0.0448699615942581
ENSG00000167858 5.47411682305091 2.80174050172726 0.885509258009756 3.1639878142261 0.00155623311224372 0.044881460775922
ENSG00000072657 14.8889086827629 3.06499384288028 0.969271559999628 3.16216215286607 0.0015660233506827 0.0450181196438996
ENSG00000168243 80.7662907455254 -1.41125506189646 0.446233475214781 -3.16259344106175 0.00156370543449785 0.0450181196438996
ENSG00000012124 61.1912199756314 1.59904185608817 0.505802362336195 3.16139657533928 0.00157014566601516 0.0450639391391115
ENSG00000117115 655.598256263469 1.0188277337286 0.322334828120047 3.16077458855659 0.00157350215877368 0.0450876671637029
ENSG00000143171 10.2026513741638 1.74639497798438 0.55309915998194 3.15747175974993 0.00159143650591059 0.0453826765517512
ENSG00000172548 11.4735526413786 1.40657201988384 0.445348155889347 3.15836498093262 0.00158656784484565 0.0453826765517512
ENSG00000204519 21.8346159885021 -1.18037933809586 0.373799078193807 -3.15779092821586 0.00158969524431932 0.0453826765517512
ENSG00000127663 231.255873751927 -0.976924742634092 0.309629374016917 -3.15514232374063 0.00160419828970512 0.0456006796131011
ENSG00000204278 30.4662709949938 1.80507951278954 0.572056396315456 3.15542230524093 0.001602659449583 0.0456006796131011
ENSG00000261061 6.6021095752633 -1.45052915737049 0.460143817163694 -3.15233868904615 0.00161968285818438 0.045967527995892
ENSG00000164089 29.7277059229713 2.2053381845009 0.699948127701903 3.15071659915935 0.00162870441604727 0.0461500775949292
ENSG00000168078 12.6726731366912 -2.19556450485724 0.697472327304892 -3.14788762063312 0.00164454904716504 0.0464513433718266
ENSG00000277632 24.598024392283 1.8227558011586 0.57902960785996 3.14794921782211 0.00164420254641721 0.0464513433718266
ENSG00000165475 63.8312245583674 0.760768647232447 0.241721192319374 3.14729809137828 0.00164786870836005 0.0464714620080713
ENSG00000122642 279.944615023288 -1.11735514272022 0.355145409369974 -3.14619058346383 0.00165412180490279 0.0465227976636767
ENSG00000205078 17.1768911135542 4.4699191493558 1.42080299482548 3.14605132846363 0.00165490959539758 0.0465227976636767
ENSG00000161847 199.873705537189 -0.858664929361477 0.273051450734365 -3.14470011806243 0.00166257158099761 0.0466645878553078
ENSG00000196507 127.961165468275 0.596862797961606 0.189943514349242 3.14231733579582 0.00167616262836018 0.0469492870317751
ENSG00000210082 109175.465350473 0.909320840842881 0.289408334790986 3.14199949182391 0.00167798327101166 0.0469492870317751
ENSG00000287151 11.758877952214 -1.58421865494858 0.504623880133183 -3.13940484649769 0.00169291384694705 0.0472927954453563
ENSG00000105341 49.0720057135829 -0.638185384783482 0.203374564674923 -3.13798033595581 0.00170116289131092 0.0474488673111651
ENSG00000069535 248.598233859657 1.18150899709855 0.376863458149604 3.13511159426215 0.00171788748246689 0.0474858202961257
ENSG00000078401 21.6411971967273 1.29703416096201 0.413612284268476 3.13586953360434 0.00171345410509759 0.0474858202961257
ENSG00000087303 43.2935616192765 -1.92000407842302 0.613069088037041 -3.13179071639479 0.00173743677450648 0.0474858202961257
ENSG00000112039 12.4313751992527 -1.09498972161696 0.349093797676949 -3.13666335209501 0.00170882214505883 0.0474858202961257
ENSG00000144724 128.364741536707 -1.04089251097152 0.331897343204521 -3.13618813854168 0.00171159364811203 0.0474858202961257
ENSG00000145734 144.415198723424 0.59450261055652 0.189745379708538 3.13315987704004 0.00172935216852951 0.0474858202961257
ENSG00000148671 24.4102751640371 1.68562022018151 0.537903782547734 3.13368352272542 0.00172626930693086 0.0474858202961257
ENSG00000153975 12.8267111797434 -0.89334357889632 0.285181997843168 -3.13253846895203 0.00173301715568785 0.0474858202961257
ENSG00000164975 55.684432265054 -0.85546274189647 0.273147428291648 -3.13187185120801 0.00173695672345017 0.0474858202961257
ENSG00000165643 13.8272799090821 3.0066439474557 0.959038944227565 3.13505928570746 0.00171819383714109 0.0474858202961257
ENSG00000168268 83.6360866715111 -1.26401111895238 0.403715624193098 -3.13094426671929 0.00174245225122966 0.0474858202961257
ENSG00000180287 17.4477447626291 1.68320451897905 0.537310327117473 3.13264873952636 0.00173236627282082 0.0474858202961257
ENSG00000196169 32.2324839912049 2.23445413974719 0.713654557901795 3.13100240866768 0.0017421073168091 0.0474858202961257
ENSG00000259924 3.48472803733959 2.82042338491294 0.900403614951985 3.13239900204459 0.00173384069484203 0.0474858202961257
ENSG00000284479 28.2877598144025 1.73931629831415 0.55530731234206 3.13216890838051 0.00173520016324053 0.0474858202961257
ENSG00000118193 12.4413041255209 -1.95378879428439 0.624213874345796 -3.12999898685694 0.00174806906021364 0.0475661600918897
ENSG00000114491 86.1877513622539 -2.27161509225657 0.726169340333195 -3.12821674792035 0.0017587043475941 0.0476410241802182
ENSG00000136997 59.7445196747102 -1.21101404880985 0.387018520961588 -3.12908551715034 0.00175351266677988 0.0476410241802182
ENSG00000278677 9.04064808427532 -2.12968062769576 0.680801926174918 -3.12819418661366 0.00175883935984871 0.0476410241802182
ENSG00000099953 23.8666691497378 -1.7650651268098 0.564568846256387 -3.12639483831566 0.0017696378267407 0.0476769874117224
ENSG00000122591 145.337017309295 -1.12935785725381 0.361256874597779 -3.12619063238929 0.00177086717536668 0.0476769874117224
ENSG00000143578 7.7064425296283 -1.46293110340201 0.467803621619875 -3.12723338553106 0.00176459787479082 0.0476769874117224
ENSG00000153902 81.0556613720928 1.37172472236734 0.438713806221844 3.12669604401212 0.00176782595777369 0.0476769874117224
ENSG00000083444 203.914344005752 -1.03575967073981 0.331492546523629 -3.12453381411392 0.00178087051977065 0.047873989855011
ENSG00000084453 97.9298976835478 1.40151717874896 0.448926957769172 3.12192697385215 0.00179671500046503 0.0480102720439105
ENSG00000115241 106.95051968776 -0.701492058407219 0.224686002900833 -3.12209950486692 0.00179566235936337 0.0480102720439105
ENSG00000141582 88.2242443397897 -0.475798765640523 0.152395086018332 -3.1221398148185 0.00179541650318661 0.0480102720439105
ENSG00000157978 64.7602852784197 1.10778468795403 0.354734211897767 3.12285832828916 0.00179103937404095 0.0480102720439105
ENSG00000130956 90.4045429994409 0.903353701912284 0.289624414708965 3.11905231753352 0.00181433742559527 0.0484085867311144
ENSG00000102870 134.758871098822 -0.488367279588735 0.156630724188187 -3.11795327589736 0.00182111672035697 0.0485168360342635
ENSG00000183255 352.700791184829 -0.773291348249125 0.248121828445226 -3.11657927516777 0.00182962480478422 0.0485286333158119
ENSG00000209082 79.5355609696946 1.76881148472874 0.567552038210681 3.11656265089853 0.00182972796881701 0.0485286333158119
ENSG00000235194 53.4457550237497 1.01086056855093 0.324316583679853 3.11689447724569 0.0018276697890218 0.0485286333158119
ENSG00000102302 73.1244084990831 -0.726833053159921 0.233530344570842 -3.11237091905816 0.00185591155135918 0.049090103921973
ENSG00000161642 416.761542703125 0.875953297270307 0.281449565596224 3.11229223400891 0.00185640633133646 0.049090103921973
ENSG00000021300 858.572570372158 1.3328900978935 0.428350753756146 3.11167912325489 0.00186026579005921 0.0491121152478978
ENSG00000228408 41.4099137219813 1.94202559958218 0.62418760022 3.11128513110113 0.00186274981246585 0.0491121152478978
ENSG00000176771 77.2315082389952 1.52589949073186 0.490532969451186 3.11069711061227 0.00186646280322964 0.0491373213322923
ENSG00000101605 25.5946420551864 1.90983226086255 0.614070334569853 3.1101197262694 0.0018701152476708 0.0491608614443018
ENSG00000010030 4.92725896794061 1.76116192257947 0.566974083484698 3.10624766436437 0.00189477946622962 0.0492764428221497
ENSG00000077942 96.8216696678986 -1.73239683155764 0.558172880387276 -3.10369222946779 0.0019112203231918 0.0492764428221497
ENSG00000081479 74.8669388998812 1.70790783021276 0.550306797886584 3.1035557561198 0.00191210202360564 0.0492764428221497
ENSG00000099956 171.528717114199 -1.17066370986555 0.376865696584778 -3.10631538098135 0.00189434557100846 0.0492764428221497
ENSG00000101049 18.0860139949301 1.41738622735218 0.456243208422027 3.10664619480996 0.00189222718811859 0.0492764428221497
ENSG00000104368 93.6923436840223 -1.14929736480696 0.370056937992332 -3.10573116408041 0.00189809195387354 0.0492764428221497
ENSG00000125835 82.9036293541991 -0.839140651112702 0.270308832638911 -3.10437747416732 0.00190679886903947 0.0492764428221497
ENSG00000136527 130.019174637708 -0.727770299748269 0.234273562174515 -3.10649777547728 0.0018931773294859 0.0492764428221497
ENSG00000144837 3.4342004289022 2.56503502485791 0.826528675308777 3.10338298172131 0.00191321878656385 0.0492764428221497
ENSG00000147155 53.5246759564929 -0.728421282586875 0.234618284475108 -3.10470807599889 0.00190466906390145 0.0492764428221497
ENSG00000164087 9.37891455160203 -1.16180978169443 0.373771457196362 -3.10834270334364 0.00188139766069358 0.0492764428221497
ENSG00000164610 25.0019853540128 -0.927717198445222 0.298776947533242 -3.10504945613986 0.00190247211562 0.0492764428221497
ENSG00000172568 4.37473617637516 2.60642879606111 0.83941255341343 3.10506292223317 0.00190238550245053 0.0492764428221497
ENSG00000198346 14.1379284752757 -1.20182665118708 0.387262160875223 -3.10339292759953 0.00191315448308429 0.0492764428221497
ENSG00000136541 331.827770343416 1.73463475500477 0.559051815534197 3.1028157083208 0.00191688968840765 0.0492997473542417
ENSG00000046889 79.281536781681 1.09828789619949 0.354058250093294 3.10199775294062 0.0019221941746022 0.0493649377146038
ENSG00000154099 21.3618478389038 1.68038355358485 0.54185594666364 3.10116289012134 0.00192762220355153 0.049433108681869
ENSG00000286927 9.50438741964107 1.15355072937761 0.372026994665256 3.10071781327471 0.0019305217088694 0.0494363339327288
ENSG00000100605 329.953071021797 0.869704036489579 0.280756255406852 3.09771917718901 0.00195016129160247 0.0498676107607328
