baseMean log2FoldChange lfcSE stat pvalue padj
ENSG00000205277.10 2.6249647330586 5.2960919783985 1.06690007164866 4.96400002130896 0.000000690559354848547 0.00894937694670258
ENSG00000268350.8 11.4679661920709 5.79086803668943 1.17363308109217 4.93413838616455 0.000000805053474268212 0.00894937694670258
ENSG00000160294.11 186.143568268554 -1.87871611239683 0.408720509579584 -4.59657900292134 0.00000429484172455523 0.0238718040155091
ENSG00000232653.9 59.4573744470242 -3.24280245683531 0.705413291391821 -4.59702488797322 0.00000428566444131179 0.0238718040155091
ENSG00000169609.14 182.779029390544 -2.0089260642753 0.452363052148248 -4.44095965560188 0.00000895585860202233 0.0393405557923856
ENSG00000196233.14 156.74151777101 -2.86557247508295 0.650643304873026 -4.40421418866697 0.0000106168009155001 0.0393405557923856
ENSG00000136152.15 53.9440052229456 -2.85032288131321 0.654893960535058 -4.35234259754733 0.0000134690567852823 0.0424124283450198
ENSG00000164068.16 104.795128272186 -1.96605448725663 0.454591048936883 -4.32488605275993 0.0000152610725840039 0.0424124283450198
ENSG00000162777.17 17.8654675744655 2.51547794423293 0.610176764496238 4.1225397140609 0.0000374717981625612 0.0925678320609136
ENSG00000117724.15 26.9166757650408 -2.55184177398501 0.637050514965197 -4.0057133838506 0.0000618305869327799 0.0981913885197496
ENSG00000138376.11 38.3462045962014 -3.55954663841881 0.885469353623926 -4.01995464196563 0.0000582093473462303 0.0981913885197496
ENSG00000163071.11 8.3894055112151 3.90604198644382 0.964836732652908 4.04839684710573 0.0000515696533614892 0.0981913885197496
ENSG00000174371.17 4.20560130699172 -3.63317698358961 0.89912971564426 -4.04077067009881 0.0000532758367272482 0.0981913885197496
ENSG00000183020.15 245.954903939281 -1.37306970329687 0.340429338430312 -4.03334715400253 0.0000549879518763511 0.0981913885197496
ENSG00000165949.13 62.5029702438786 2.0916086879415 0.528101979016207 3.96061512936938 0.0000747569392084049 0.110804735294698
ENSG00000133321.11 101.114001891327 1.72339182452739 0.445769135900389 3.86610845330598 0.000110585776616546 0.145770375291784
ENSG00000135048.14 60.731697528203 2.041495470939 0.531492614991533 3.84106084140327 0.000122503743887643 0.145770375291784
ENSG00000183798.5 11.70406520989 -3.27869803998916 0.854506952204573 -3.83694717934164 0.000124573252846845 0.145770375291784
ENSG00000226950.8 37.1202205271435 -2.08404146721323 0.541783313288424 -3.84663280706058 0.00011975223228487 0.145770375291784
ENSG00000148175.13 158.888818679509 1.28199942371692 0.335714071963187 3.8187241190697 0.000134143679433579 0.149120821242338
ENSG00000290788.1 4.3966326519096 5.33560874933494 1.41446046189113 3.77218656377376 0.000161823183191745 0.17132451580486
ENSG00000067646.12 4.25208631680219 5.31499441677141 1.42283799900335 3.73548810229583 0.000187351437875554 0.189335659922145
ENSG00000061455.11 6.51525642517958 -4.37351483323066 1.1837087051045 -3.69475599391201 0.00022009804854592 0.212758257100932
ENSG00000162959.14 48.7600393217853 1.65882681879131 0.451347074378967 3.67527987430467 0.000237588816969172 0.220096340319817
ENSG00000105738.11 151.087881088136 -1.33930087475932 0.368912592090514 -3.63040162757773 0.000282980543593834 0.241981016373912
ENSG00000149131.17 251.427753653607 1.58487518450064 0.436215569003023 3.63323846538283 0.000279886126433671 0.241981016373912
ENSG00000090932.11 23.6230863324393 -4.23879782399364 1.18712441977991 -3.57064327324638 0.000356105604992822 0.250043516133977
ENSG00000155893.13 37.4867109684379 -1.54716709962695 0.431599216947716 -3.58473101635486 0.000337425781500385 0.250043516133977
ENSG00000180447.7 26.4515134097698 -2.89570420877612 0.802615166484941 -3.60783639494114 0.000308761077693762 0.250043516133977
ENSG00000244607.7 7.42963559338811 4.79130167617752 1.3326693475371 3.5952666616309 0.000324059471368853 0.250043516133977
ENSG00000262633.2 5.65677750770845 4.96463081565374 1.3961434365158 3.55596043057253 0.00037660076166532 0.250043516133977
ENSG00000283259.1 36.5299935370675 2.42992369669394 0.682638278742502 3.55960656230726 0.000371410804275667 0.250043516133977
ENSG00000289008.1 4.3612842811048 -4.10914736242373 1.15686940270592 -3.551954397629 0.000382381124839438 0.250043516133977
ENSG00000291033.1 11.7101397309163 5.5929819225187 1.56908085258684 3.56449568121231 0.000364556453675909 0.250043516133977
ENSG00000129824.16 30.0357590278698 8.03010040760079 2.27539895840434 3.52909558033376 0.000416982498206936 0.2575214411843
ENSG00000196878.15 19.4120963161613 -2.42244744615511 0.68551770038878 -3.53374893862151 0.000409710058216206 0.2575214411843
ENSG00000168918.14 110.474033185527 1.50698494330322 0.42916059104961 3.51147093822745 0.000445634184480509 0.267777968204193
ENSG00000157601.15 173.418163155176 1.9547150147538 0.561649025304228 3.48031408706708 0.000500826275843947 0.293022910285223
ENSG00000164008.17 92.9187573638825 -2.83891581203998 0.821310082125814 -3.45657002613672 0.00054709703892054 0.296015375441109
ENSG00000183856.11 18.236518216167 -2.88777758747342 0.83669403085235 -3.45141411434668 0.000557657209156341 0.296015375441109
ENSG00000187474.5 32.764493469017 2.36864267431962 0.684472823311609 3.46053574904506 0.000539101648069042 0.296015375441109
ENSG00000198692.10 7.54703814893821 4.90310003505859 1.420912666429 3.45066952452534 0.000559197848627111 0.296015375441109
ENSG00000141449.16 17.7665770525305 3.07724183740273 0.900956683677456 3.41552695390668 0.000636587288897178 0.314516559867799
ENSG00000157330.10 8.9898528502486 4.94405997252918 1.44543578793222 3.42046323593659 0.000625145847661567 0.314516559867799
ENSG00000197121.15 41.5197939267157 -1.4774115556775 0.432517644340903 -3.4158411223405 0.000635853336258491 0.314516559867799
ENSG00000068654.17 167.11166547584 -1.77900372539821 0.52316230430324 -3.40048147728748 0.000672672931006098 0.316649264423212
ENSG00000270641.2 39.2093853236276 -1.36541937534593 0.401606189783674 -3.39989624184182 0.000674114282045016 0.316649264423212
ENSG00000276070.5 19.0251309524198 3.71906164654671 1.0951103301236 3.39606114949802 0.000683630850191796 0.316649264423212
ENSG00000150873.12 23.4705150706577 1.68715418399243 0.497934551794584 3.38830510538349 0.00070325987840513 0.319093405644515
ENSG00000108691.10 44.1308426159601 2.32856582518535 0.688396468275759 3.38259409002744 0.000718046761083255 0.31928667278328
ENSG00000102882.12 336.44172861512 0.996926887367117 0.29642819609627 3.36313110728289 0.000770637549438779 0.322773234210742
ENSG00000169840.5 3.5323297598151 -5.0200229177673 1.49067048218966 -3.36762750570692 0.000758179581508952 0.322773234210742
ENSG00000176728.10 11.8455085474482 3.55173984576763 1.05756991537475 3.35839720299632 0.000783958739143618 0.322773234210742
ENSG00000187688.15 14.4332394783642 2.19352222167424 0.65148024491109 3.36698194428535 0.000759956638518617 0.322773234210742
ENSG00000197635.11 12.8067594723909 -2.80280070303502 0.838264722322013 -3.34357468279376 0.000827064292212083 0.334329461977295
ENSG00000067048.17 26.39583431328 6.81059361207855 2.06598195442621 3.29654070670238 0.000978834287248095 0.34936559646786
ENSG00000090889.12 5.88065732415368 -2.55571919875528 0.776908277012595 -3.2896022276692 0.00100329104137823 0.34936559646786
ENSG00000114648.12 40.4623487243467 -1.55408317038961 0.473147318955381 -3.28456509871119 0.00102139899115778 0.34936559646786
ENSG00000128606.13 14.1052803486664 -2.89635261017706 0.878487754318901 -3.2969755081249 0.000977320232761901 0.34936559646786
ENSG00000148204.12 116.66694434602 1.19969893612739 0.361384896904581 3.31972627080802 0.000901057509798584 0.34936559646786
ENSG00000153179.14 52.0710186662297 1.2715119607582 0.385242951183887 3.30054568643171 0.000964970011537482 0.34936559646786
ENSG00000177084.19 38.2750508703844 -1.34930850576059 0.410285821388887 -3.288703716821 0.00100649915824796 0.34936559646786
ENSG00000185811.21 36.9325750090196 1.54189565073362 0.46644838761126 3.30560827668385 0.000947704792864759 0.34936559646786
ENSG00000187391.23 194.738710932793 -1.11790916806854 0.339299673164618 -3.29475462691108 0.000985076543043145 0.34936559646786
ENSG00000211896.7 73.4471412559902 5.65967627818216 1.71916404634019 3.2921094936988 0.000994388887275857 0.34936559646786
ENSG00000104219.13 74.3966629433381 1.81320403542626 0.553263751655783 3.27728688170838 0.00104809819420619 0.353066168966456
ENSG00000126787.13 4.96278678309994 -3.6042379034652 1.10546015055776 -3.26039604561656 0.00111256742260586 0.36918972398203
ENSG00000188517.17 6.21879611536024 -2.89760067863165 0.890059901483239 -3.25551198723024 0.00113188118281967 0.370075210847495
ENSG00000112799.9 18.112713544796 2.23671702222861 0.690600360435358 3.23880083239251 0.00120033361284903 0.370653016867674
ENSG00000146648.21 1289.86127456162 -3.91287866189408 1.20398384928439 -3.24994281627595 0.00115428216339468 0.370653016867674
ENSG00000227028.6 5.20711626444272 -4.44496275787131 1.3711195379025 -3.24184918600977 0.00118756849645188 0.370653016867674
ENSG00000234545.8 49.0078305503488 -1.58977513911485 0.489647150795378 -3.24677706493836 0.0011671977801454 0.370653016867674
ENSG00000171320.15 9.88663618324639 -2.81036128013865 0.869577329663243 -3.23187045507156 0.00122982796428553 0.374558426437811
ENSG00000163395.17 10.5512078002973 -3.09613348875951 0.960843520557661 -3.22230771454082 0.00127162486401964 0.375846025663138
ENSG00000182919.15 60.1493694609209 -2.10545985378277 0.653999484695586 -3.21936011121292 0.00128477029417526 0.375846025663138
ENSG00000234432.4 5.74787078626441 -2.0644847830803 0.640527183775687 -3.22310252456559 0.00126810156464071 0.375846025663138
ENSG00000138821.14 48.5007617414222 2.25320066976673 0.701597658840177 3.21152820477129 0.00132031009390758 0.376339157921119
ENSG00000146950.13 40.635000135133 -2.28442409149142 0.71113844146447 -3.21234791749836 0.00131654832312276 0.376339157921119
ENSG00000122735.16 6.2156085425752 4.77470106589718 1.49343869617965 3.19711888952074 0.00138807702222963 0.376805361064639
ENSG00000154258.17 16.4205843189494 2.55379611881427 0.799741822498597 3.19327568844101 0.00140668578097266 0.376805361064639
ENSG00000242125.3 25.4718102075329 -2.18587443451522 0.684372559641312 -3.19398316563257 0.00140324299929617 0.376805361064639
ENSG00000272686.1 8.15090634703026 -2.35012802519725 0.733895092657562 -3.2022669843547 0.00136350561661481 0.376805361064639
ENSG00000285940.4 3.80954487835049 -5.00832938599828 1.5677637191306 -3.19456900608443 0.00140039801824067 0.376805361064639
ENSG00000130827.6 257.746088693983 -1.71973753085827 0.539360584029003 -3.18847461564932 0.00143025567021656 0.378558027570532
ENSG00000196329.12 22.5991699206213 2.15881529231874 0.678167895350999 3.18330505928979 0.00145604121256802 0.380848991517939
ENSG00000165804.16 60.6604098796441 -0.930722285078854 0.294745928911606 -3.15771039998987 0.00159013441013625 0.411086724890223
ENSG00000164638.11 77.7202544713721 -1.66667597111043 0.529327442733899 -3.14866722666464 0.00164016850626814 0.419147889653559
ENSG00000079387.15 30.8479092569385 -1.68583418322858 0.537384349272709 -3.13711068346179 0.00170621702627493 0.426228349945737
ENSG00000153071.15 121.066661545893 1.59381809693622 0.508002353481546 3.13742266352339 0.00170440231410052 0.426228349945737
ENSG00000012817.16 25.2707446024857 6.555486534631 2.10358208751216 3.11634453133415 0.00183108203295787 0.444867039662286
ENSG00000100351.17 6.61355185003393 3.96512047528727 1.27300408391636 3.11477435570253 0.00184085672868845 0.444867039662286
ENSG00000188760.11 27.6062034792155 -1.39295398535259 0.446703160732095 -3.11829892376339 0.00181898213154944 0.444867039662286
ENSG00000133640.20 5.90842634568984 2.49840771219876 0.803239199337246 3.11041557018159 0.00186824296521955 0.44663060049168
ENSG00000114491.14 59.7488013450911 3.05514695584188 0.987409336830146 3.09410377427637 0.00197408423502264 0.447855253033249
ENSG00000126012.13 302.159715060565 -1.09617815740675 0.353378222955578 -3.10199691491614 0.00192219961614282 0.447855253033249
ENSG00000164035.10 32.5103667435844 2.25511393793724 0.727976716696074 3.09778305571652 0.00194974101368098 0.447855253033249
ENSG00000166548.17 130.442523597158 1.72862059116716 0.558670428947358 3.09416876498047 0.00197365182747268 0.447855253033249
ENSG00000171860.5 35.1901885994481 1.6841657937202 0.542544554889897 3.10419813182344 0.00190795514422531 0.447855253033249
ENSG00000185379.21 63.7674334845835 -1.86535473711816 0.604069968937606 -3.08797793805047 0.00201523431161872 0.452572772224434
ENSG00000106070.20 146.522012631426 -1.42536974239293 0.465424097915495 -3.0625181394276 0.00219483172537484 0.45634588455645
ENSG00000117115.13 791.215559444028 1.09305700292676 0.356714938232832 3.06423108699 0.00218230269291207 0.45634588455645
ENSG00000123728.10 81.9111607581338 -1.99864147931742 0.651151149410513 -3.06939714554261 0.00214491248348666 0.45634588455645
ENSG00000124766.7 139.474300149843 -2.09236365958191 0.683205506296302 -3.0625684955684 0.00219446246621951 0.45634588455645
ENSG00000132470.14 289.002424859809 1.62559390052894 0.530836309560657 3.06232612813232 0.00219624025761437 0.45634588455645
ENSG00000134242.16 2.65795473400537 3.85751370760326 1.25569021404619 3.07202657506842 0.00212610795716878 0.45634588455645
ENSG00000163781.14 45.9257226236057 -1.15942821498781 0.376345127011434 -3.08075787826684 0.00206474472180816 0.45634588455645
ENSG00000171793.17 31.8824748363136 -1.06639503656557 0.347833247356835 -3.06582261663899 0.00217072053725517 0.45634588455645
ENSG00000005889.16 95.204080916082 -1.04988928397257 0.344857641058003 -3.04441357527 0.00233134403614067 0.458697096951466
ENSG00000165246.15 22.7031404206458 4.93612060071079 1.61897068610492 3.04892524804547 0.00229661619557104 0.458697096951466
ENSG00000171848.16 18.5207999995596 -2.59569182517431 0.849289289875046 -3.05631056004039 0.00224079029335559 0.458697096951466
ENSG00000178904.19 94.2834576932592 -1.85153147797266 0.606777278301617 -3.05141860808489 0.00227762789754378 0.458697096951466
ENSG00000183878.16 9.71355313679725 4.51434379998804 1.48216740082313 3.04577188614523 0.00232083840284858 0.458697096951466
ENSG00000241343.10 138.522304750814 1.05810665687369 0.346416650190947 3.05443360268758 0.00225485921053318 0.458697096951466
ENSG00000089327.15 37.7372451127314 1.23867625604738 0.408489524659657 3.03233297617465 0.00242671352322113 0.47327299791031
ENSG00000019549.13 7.38521678831559 -2.46778628158361 0.822815412291985 -2.99919793032255 0.00270691392504742 0.473383911870985
ENSG00000086062.13 58.4645954267819 1.4492503263107 0.482262124668273 3.00510915574714 0.00265485554394959 0.473383911870985
ENSG00000104899.8 22.2023696801131 -1.97517259544981 0.65877206841544 -2.9982640281042 0.0027152233211614 0.473383911870985
ENSG00000114374.13 28.6017771761306 5.73580758484868 1.89822356608168 3.02167125481881 0.00251383396656491 0.473383911870985
ENSG00000121064.13 47.3931937852789 1.32141937918985 0.438914086325231 3.01065611781413 0.00260683899758055 0.473383911870985
ENSG00000146828.18 99.6807314758176 -1.63263326985543 0.542001789426665 -3.01222856031979 0.00259337253389402 0.473383911870985
ENSG00000157379.14 24.9284794232829 1.56749654996464 0.522698431099263 2.99885451476888 0.00270996676040879 0.473383911870985
ENSG00000159625.15 4.37123040000779 4.57712287263638 1.51613028286488 3.01895089384235 0.00253651641710217 0.473383911870985
ENSG00000162643.13 5.54592416449207 3.87989815762378 1.29042134555708 3.00669093159555 0.00264108136982858 0.473383911870985
ENSG00000173674.11 197.805133324225 -0.852907332912147 0.283974382559584 -3.00346575358145 0.00266923588197561 0.473383911870985
ENSG00000176887.7 76.3854190914683 -2.33779908951934 0.780013298910076 -2.99712721922303 0.00272536952815572 0.473383911870985
ENSG00000185988.15 29.6031763780671 -3.57647078339081 1.18848524007799 -3.00926815309555 0.00261877867376923 0.473383911870985
ENSG00000186300.12 33.0538507147277 -1.59469587422779 0.528920550332356 -3.01500078457103 0.00256978590936604 0.473383911870985
ENSG00000187954.14 76.017647329775 -0.804747429397612 0.267119765296972 -3.01268394910025 0.00258948446000613 0.473383911870985
ENSG00000157212.20 29.6340415602801 -1.07940750466087 0.360618541014604 -2.99321133523513 0.00276058517930315 0.475783645670131
ENSG00000099866.16 20.7308652840881 -1.62982295217823 0.546832609596783 -2.98047871245281 0.00287798240288753 0.477508826592526
ENSG00000121005.9 40.0897073613522 -2.35973330000168 0.791623257728047 -2.98087919596261 0.0028742215048162 0.477508826592526
ENSG00000168078.10 4.46964314769687 -3.41017317623385 1.14386147558732 -2.98128160534727 0.00287044704052424 0.477508826592526
ENSG00000182685.8 8.26595663576473 2.75434009622534 0.922754409664829 2.98491133434496 0.00283660533349948 0.477508826592526
ENSG00000263934.5 33.6641305198157 -1.84110267669955 0.616962364745325 -2.98414098153221 0.00284375709905779 0.477508826592526
ENSG00000090612.22 63.5503726436243 -1.50891211885306 0.508569672248172 -2.96697227772704 0.00300748074749603 0.483643122662402
ENSG00000115760.16 169.746485606185 -0.889171062550431 0.299471089656409 -2.96913823491476 0.00298636219681638 0.483643122662402
ENSG00000120262.10 19.9890230865768 2.34558075163046 0.790602468319858 2.96682700297553 0.00300890207131441 0.483643122662402
ENSG00000140463.14 33.8060733827249 -2.04737036961836 0.69107601346282 -2.96258346366193 0.00305069089281237 0.483643122662402
ENSG00000155099.8 28.7066828092754 1.4467390362897 0.486758104220221 2.97219301280531 0.00295680738015975 0.483643122662402
ENSG00000183486.14 42.9693437834428 2.31053931169293 0.780654124602828 2.95974777929786 0.0030789099889433 0.483643122662402
ENSG00000213066.14 49.0666978205389 -1.02862488627445 0.347656224997701 -2.95874145869602 0.0030889813978348 0.483643122662402
ENSG00000275302.2 47.3836690876863 3.10938492456774 1.04977794512392 2.96194537045707 0.00305702018178188 0.483643122662402
ENSG00000232533.3 18.3594625780815 -1.84901270144145 0.626062186107318 -2.95340102384734 0.00314293376740785 0.488649275879572
ENSG00000073849.16 137.979798027509 1.25905366740324 0.426793926950882 2.95002713932276 0.00317746017031972 0.490586610879988
ENSG00000106004.5 6.5686133465187 -3.36575665134567 1.14282748807622 -2.94511348953589 0.00322836222473142 0.491617653030504
ENSG00000233670.7 15.0679021997627 2.15823258474852 0.732427354829743 2.94668484255373 0.00321200383644091 0.491617653030504
ENSG00000082269.17 39.2837736004659 -1.17174441118662 0.398726313726146 -2.93871854163956 0.00329572215508674 0.498461161047916
ENSG00000095970.17 39.3274152354002 1.43305426771976 0.488123984301167 2.93584071631191 0.00332645081182395 0.499709330400553
ENSG00000173391.9 55.5607316809935 1.71673607636498 0.586049138650502 2.92933811031293 0.00339684706235534 0.506859736492256
ENSG00000146918.20 20.0235906190774 -1.51335373252235 0.51842150498154 -2.91915693693346 0.00350979477794636 0.520221781987209
ENSG00000147799.12 119.805737339919 1.71385741306985 0.588293981632312 2.91326694914419 0.00357668699677635 0.526625708604825
ENSG00000115956.10 54.0449304601398 1.59260781043983 0.548180254605047 2.90526299891496 0.00366944627240678 0.528409619259145
ENSG00000120322.5 13.6145984240445 -2.81502107410732 0.969348209946579 -2.90403494350339 0.00368387041718021 0.528409619259145
ENSG00000166326.7 405.183766524008 1.11690244246437 0.384102092013792 2.90782702226017 0.00363949590292029 0.528409619259145
ENSG00000166523.8 3.18277421737538 4.16435668789304 1.43244995742543 2.90715683735139 0.00364730280155741 0.528409619259145
ENSG00000173947.14 14.7713023938808 1.69472062258177 0.584462572052976 2.89962215480953 0.00373612733754607 0.532469994202959
ENSG00000163885.12 6.26913664720802 3.84385375656332 1.32741170377609 2.89575099091617 0.00378252411554046 0.535648781279052
ENSG00000110841.14 123.457270630129 1.10995067786105 0.385130946979043 2.88200853908904 0.00395149024788969 0.549084266758322
ENSG00000155307.19 18.5009667941105 1.50790614809674 0.523110905684196 2.88257448222093 0.00394439872459843 0.549084266758322
ENSG00000211592.8 40.1178647304855 4.95889930591053 1.72008575303631 2.88293725888784 0.00393985904977316 0.549084266758322
ENSG00000197181.12 4.78482650439925 -2.76575029705793 0.96051387027373 -2.87944857711398 0.00398371258178772 0.550123489632834
ENSG00000160298.18 19.124082379046 -1.4799352990483 0.514478431603506 -2.87657403719665 0.00402017873512037 0.551732307518094
ENSG00000033867.18 48.017851021742 -1.01686496059305 0.355170178801245 -2.86303586642642 0.00419603062614378 0.560141334047907
ENSG00000075651.17 70.0567272336892 2.45982968085335 0.858121330594225 2.86652900138258 0.00415000133329275 0.560141334047907
ENSG00000122254.7 40.0101725162987 -2.50591177970853 0.875250308670173 -2.86308014391441 0.004195444292062 0.560141334047907
ENSG00000171914.17 243.581755401712 -1.46466198743244 0.511661533630449 -2.86256028871285 0.00420233303931315 0.560141334047907
ENSG00000254122.3 90.0933475381413 -2.1839645027744 0.763043189369676 -2.8621767852728 0.00420742152592995 0.560141334047907
ENSG00000064692.20 21.4423501010381 -1.99411837222144 0.698703894094451 -2.85402498694514 0.00431691358144004 0.560279944850009
ENSG00000132692.19 526.155887146806 -2.41759139430882 0.846977552095081 -2.85437481587165 0.00431216225229567 0.560279944850009
ENSG00000143590.14 18.7161227198367 -2.06752795668717 0.724752701730482 -2.85273577007793 0.00433446455782853 0.560279944850009
ENSG00000204252.14 56.0542297726631 1.56798394151451 0.549139963136448 2.85534480601061 0.00429901276770765 0.560279944850009
ENSG00000286217.2 2.77829186188711 4.51740134821146 1.58071218327632 2.85782661511996 0.00426553396187792 0.560279944850009
ENSG00000168743.13 73.9384483819978 -2.72364746329385 0.955727149000093 -2.84981698609629 0.00437443918971074 0.562178650316987
ENSG00000167011.9 4.3465825928382 -2.51613093806154 0.884034988018303 -2.84618931621906 0.00442458813014028 0.565355562628787
ENSG00000068079.8 25.2465991277584 1.48005298563832 0.52049235226689 2.84356336686269 0.00446121374134081 0.566778086349887
ENSG00000065621.15 20.2964344651122 2.17330093362147 0.771729310073241 2.81614408738112 0.00486038629107143 0.568492576807592
ENSG00000101825.8 15.8204930091551 1.76692552494906 0.631097381648942 2.7997668447497 0.00511395292410014 0.568492576807592
ENSG00000103260.9 168.736228086871 0.746993962009839 0.264052605974427 2.82895887072663 0.00466997001109416 0.568492576807592
ENSG00000110799.14 206.34130200699 1.29773863109682 0.46329878645465 2.80108359667341 0.00509313234759894 0.568492576807592
ENSG00000117481.11 51.5584385876683 -0.747670422640382 0.264926705966927 -2.82217838292874 0.00476986378077843 0.568492576807592
ENSG00000136147.18 22.7958150334469 1.17167906849616 0.41533084677758 2.8210740367272 0.00478631550903944 0.568492576807592
ENSG00000154133.15 61.422070512148 1.22026358596074 0.435047977783612 2.80489428356265 0.00503330852010858 0.568492576807592
ENSG00000158270.12 177.756776365972 1.13654928570886 0.403855840678075 2.81424501327153 0.00488919481305467 0.568492576807592
ENSG00000164708.6 19.6818296421215 1.5495077870269 0.552265144135327 2.8057316372065 0.00502024837884858 0.568492576807592
ENSG00000165168.9 162.102531644353 1.16484043899545 0.413231638190902 2.81885589422686 0.00481951499133888 0.568492576807592
ENSG00000165195.16 26.1139980642673 -2.41903434333698 0.863877523086943 -2.80020521276316 0.00510701289066348 0.568492576807592
ENSG00000167394.13 20.1358857378475 -1.05926179366013 0.377909850452816 -2.80294835498706 0.0050637777374527 0.568492576807592
ENSG00000167994.13 66.4546567193843 1.40545569043203 0.499081056163733 2.81608703250589 0.0048612495580738 0.568492576807592
ENSG00000177989.14 44.0044525451141 1.50556158515252 0.536298712132936 2.80731903898237 0.00499557386240634 0.568492576807592
ENSG00000179057.14 5.03830643975557 -3.4955696268863 1.24695902413481 -2.80327545591297 0.0050586443833542 0.568492576807592
ENSG00000181619.12 10.8571077614853 -1.51579458915839 0.537963041262824 -2.81765562481799 0.00483756647031263 0.568492576807592
ENSG00000183921.8 12.8600703835994 2.36586732068725 0.834467112013404 2.83518342020559 0.00457993822015636 0.568492576807592
ENSG00000188493.15 24.0354752470647 -1.21840051893361 0.432571748764511 -2.81664376467845 0.00485283186345298 0.568492576807592
ENSG00000196154.12 13.1653927268616 2.14900034947316 0.766200811399266 2.80474820373601 0.00503559006039519 0.568492576807592
ENSG00000204381.12 26.6186506131505 1.36404800586932 0.486792202531221 2.80211556137617 0.00507686843677342 0.568492576807592
ENSG00000220008.4 14.7268822649041 -2.25188087929218 0.793214625877316 -2.8389301026838 0.00452650710316988 0.568492576807592
ENSG00000227199.1 2.35667986974986 -3.13880626866806 1.11915532882878 -2.8046207597947 0.00503758130071875 0.568492576807592
ENSG00000244509.4 65.7534393265401 1.1544276126789 0.410427883157686 2.81274167777575 0.00491210950966767 0.568492576807592
ENSG00000248710.1 11.4093170038125 6.56378397567899 2.33063191484641 2.8163108613878 0.00485786371733533 0.568492576807592
ENSG00000263647.1 3.98295817869582 4.56201903860581 1.60841223784138 2.83634937068647 0.00456324979427385 0.568492576807592
ENSG00000105251.11 7.51138050367549 -2.36670516127377 0.846999369028458 -2.79422305117945 0.00520245812528887 0.569784490145554
ENSG00000120784.17 21.7356875887755 -1.39464176318315 0.49891053759562 -2.79537443707701 0.00518396349125907 0.569784490145554
ENSG00000184005.12 17.4796338117149 1.39059270622824 0.497311781781441 2.79621910674816 0.00517043342033324 0.569784490145554
ENSG00000016402.14 57.4337254196579 4.8665888085248 1.74707719187775 2.78556026668417 0.00534353057819938 0.57134176635362
ENSG00000116198.14 96.0418871282629 -1.34080800980574 0.481359458038717 -2.78546102588037 0.00534516652730414 0.57134176635362
ENSG00000144554.13 17.2900593331658 -1.85918732275745 0.666908715073004 -2.78776882163541 0.00530724014733552 0.57134176635362
ENSG00000204347.4 5.68794668967981 -2.8571914669255 1.02417344701634 -2.78975350830386 0.00527481832668284 0.57134176635362
ENSG00000291026.1 4.35214346420805 3.76847497129415 1.35271439231092 2.78586151867303 0.00533856731627347 0.57134176635362
ENSG00000100036.13 20.3848530856026 -1.14535687845704 0.413208497430862 -2.77186187016564 0.0055736682397734 0.574341937640944
ENSG00000105520.11 139.791459808528 -0.841885715915431 0.302975206073923 -2.77872809074027 0.00545721849577858 0.574341937640944
ENSG00000107521.21 101.446853295927 0.582613987919531 0.210079744136344 2.77329920747338 0.00554910734855748 0.574341937640944
ENSG00000127578.7 15.0516184645475 -1.51131392637982 0.546036512324996 -2.76778913546407 0.00564379584891493 0.574341937640944
ENSG00000144908.14 127.968282258752 -1.18853024084778 0.428505437497297 -2.77366431518217 0.00554288404709958 0.574341937640944
ENSG00000160993.4 24.2917207104777 -1.34236017250492 0.484616055752187 -2.76994572625417 0.00560656340869094 0.574341937640944
ENSG00000175711.9 15.2892848099566 -1.80731988761972 0.652350829470357 -2.77047227653115 0.00559750651149452 0.574341937640944
ENSG00000185215.11 138.334612404685 1.36746583890657 0.493941403479397 2.76847785845434 0.00563188122680389 0.574341937640944
ENSG00000185885.17 66.4265747782962 1.91145917595484 0.690723918623349 2.76732732777589 0.00565179766053788 0.574341937640944
ENSG00000205045.12 32.2861941196505 1.68309714653437 0.605618837162002 2.77913605597467 0.00545036911041181 0.574341937640944
ENSG00000211899.10 45.169552847951 6.15370156468608 2.22395784939251 2.76700458435712 0.00565739595841168 0.574341937640944
ENSG00000167244.22 277.092827380093 1.50985178198352 0.546694433884261 2.76178371024566 0.00574865470227726 0.580953818162411
ENSG00000289044.2 1.94042684500204 -3.7531924759121 1.35978822628672 -2.76013014626639 0.00577783389995083 0.581260547952972
ENSG00000106484.16 111.654166642142 -1.96970959396195 0.71547479933372 -2.75301044257076 0.00590500126806513 0.59137789726528
ENSG00000173805.16 131.387311141526 1.67848693359535 0.610812178968758 2.74795917859588 0.00599674746753322 0.597873033388637
ENSG00000070423.18 64.3171760562873 -0.892775127489538 0.326076057275006 -2.73793523802512 0.00618262496366355 0.602939454836796
ENSG00000136111.14 38.8978591515717 1.69318709582239 0.618423939102337 2.73790678006435 0.00618315997403812 0.602939454836796
ENSG00000187905.11 4.9476128297339 3.60214665419089 1.31394419769791 2.7414761300381 0.0061163804675383 0.602939454836796
ENSG00000198795.11 56.9236150564684 -1.71327365690364 0.625128530725701 -2.74067423368875 0.00613132643614208 0.602939454836796
ENSG00000254027.1 4.96598262886466 -3.62924864443947 1.32338772583422 -2.74239255328722 0.00609934009764082 0.602939454836796
ENSG00000112984.12 3.38925575048473 -2.91003766492121 1.06587374684587 -2.7301898311433 0.00632978654080854 0.605853191570241
ENSG00000120875.9 32.7242455710495 -1.78780620299714 0.654261722727339 -2.73255509361686 0.00628451599281344 0.605853191570241
ENSG00000137959.17 245.880615122022 1.84123584233366 0.673415723649367 2.73417411811482 0.00625369649902643 0.605853191570241
ENSG00000162739.14 3.11456565923109 3.45705731074545 1.26675566396473 2.72906402480606 0.00635143712001289 0.605853191570241
ENSG00000166707.12 12.4007080188505 -2.43451876567498 0.892483264351343 -2.72780326860738 0.00637576203101881 0.605853191570241
ENSG00000179344.17 67.6745349661586 2.23076587868345 0.817800493192447 2.72776294127093 0.0063765414846146 0.605853191570241
ENSG00000119714.11 5.99572596639136 -2.0134225448674 0.738643860113798 -2.72583670370888 0.00641387214323023 0.606806890895479
ENSG00000111077.18 321.157040111131 1.53540871498982 0.564449158293728 2.72018957319593 0.00652444998421314 0.612589965655959
ENSG00000225793.5 6.83946140959768 -2.91951697870227 1.07339006931374 -2.71990310155267 0.00653010488285262 0.612589965655959
ENSG00000076685.19 87.1177186158362 -1.17887631242547 0.43524792708676 -2.70851677644057 0.0067584695132124 0.621276229319838
ENSG00000160791.14 12.4360966502611 2.1488160394777 0.791848463036929 2.71367078397359 0.00665422588005695 0.621276229319838
ENSG00000167588.13 76.0475940186953 1.57253404878646 0.580931184512477 2.70691966744072 0.006791068810559 0.621276229319838
ENSG00000181722.18 869.49124205333 -1.43666048035223 0.530481159019939 -2.70822150028185 0.00676448590690398 0.621276229319838
ENSG00000188171.17 31.4820136903295 -1.56824015281028 0.579017861289068 -2.70844866394778 0.00675985691110058 0.621276229319838
ENSG00000197782.15 35.5382167396245 -1.91270106037734 0.706944025901698 -2.70559052810117 0.00681830611946388 0.621276229319838
ENSG00000290746.1 26.2328634298482 -1.24274692065309 0.458680687423572 -2.7093944757815 0.00674061435115375 0.621276229319838
ENSG00000089692.9 11.2409050814588 2.32716057224935 0.862067599338086 2.69951054190669 0.00694415557105876 0.630160860454487
ENSG00000144481.17 8.14936686010743 3.00450463827036 1.11357762727178 2.69806483597492 0.006974385568221 0.630331359098608
ENSG00000134028.14 4.41389269094696 3.92532597893735 1.45607149182212 2.69583327534641 0.00702128001663585 0.632000480201882
ENSG00000196139.14 6.67784954640931 2.66001086438768 0.98748270637394 2.69372906200586 0.00706575754118968 0.63343946537609
ENSG00000077984.6 2.51484240115208 3.75705403544517 1.3977958476322 2.68784174871419 0.00719154701110753 0.634915430585714
ENSG00000123136.15 56.5211515349304 -0.899904621885729 0.335043194436043 -2.68593613250519 0.00723269126187614 0.634915430585714
ENSG00000159713.11 111.965765569486 1.2278894570406 0.457766208342988 2.6823505856522 0.00731068008050838 0.634915430585714
ENSG00000162551.14 25.7000903076558 1.43309284313369 0.533985170284262 2.68376899375463 0.00727973869215598 0.634915430585714
ENSG00000164691.18 12.4619246718325 1.74833957214751 0.650316189971325 2.68844540411119 0.00717855734276603 0.634915430585714
ENSG00000172183.16 21.3124706426618 2.19703812447524 0.817522499991389 2.68743444308674 0.00720032347213331 0.634915430585714
ENSG00000172318.6 32.1626961231369 -0.995678850303055 0.370114629511862 -2.69019047319539 0.0071411246906697 0.634915430585714
ENSG00000177853.15 51.1263399134221 -1.10835386555961 0.413188076878073 -2.6824439706344 0.00730863934229254 0.634915430585714
ENSG00000132254.13 54.5858649607737 -0.835232725809731 0.311559027134251 -2.68081696586447 0.0073442674327693 0.635350575224746
ENSG00000104885.19 217.440302333437 -0.790007782813541 0.295647285716617 -2.67212932768399 0.00753715937993453 0.641221921457761
ENSG00000113396.13 1.6196594430724 -3.22581727375433 1.205289914553 -2.6763828642428 0.00744215751723377 0.641221921457761
ENSG00000129195.16 6.39217910825961 -3.24083879951071 1.21379846900235 -2.66999743554993 0.00758518262687856 0.641221921457761
ENSG00000155868.8 12.5656693607732 1.24945403687718 0.467512817540041 2.67255568189886 0.00752758805202377 0.641221921457761
ENSG00000161640.15 4.81062153175055 2.79185593573928 1.04516808927179 2.67120280880798 0.00755799665588429 0.641221921457761
ENSG00000170624.14 40.7446139922692 1.59640274207766 0.596919676853908 2.67440127035445 0.00748628157193972 0.641221921457761
ENSG00000080839.12 21.7777413206234 -1.41785715789113 0.533484648781745 -2.65772812981389 0.00786693268953149 0.641690604400189
ENSG00000104814.13 25.3940761740537 1.9053625921252 0.716243979680985 2.66021446068399 0.00780909102284065 0.641690604400189
ENSG00000105122.13 29.3263126636816 1.74768171521551 0.655936142464683 2.66440831976203 0.00771238857173406 0.641690604400189
ENSG00000113212.7 13.1459018769446 -1.90022332593909 0.71315906120573 -2.66451543464428 0.00770993282219183 0.641690604400189
ENSG00000130755.13 14.6575483277546 1.73588583177104 0.651221962879091 2.66558244457325 0.00768550844818623 0.641690604400189
ENSG00000132840.10 17.3597732699609 1.35109547950243 0.50870251534163 2.65596382710055 0.00790820967056411 0.641690604400189
ENSG00000166965.13 19.8539712583015 -1.33318141684174 0.500843403406099 -2.66187276856427 0.00777072448010358 0.641690604400189
ENSG00000171723.16 59.1448554532859 -1.46140703228071 0.548296471523243 -2.66535917734564 0.00769061339851738 0.641690604400189
ENSG00000187955.13 16.4788569423572 1.98555446130156 0.747338661051112 2.65683359470382 0.0078878367247338 0.641690604400189
ENSG00000290926.1 2.46456574363716 -2.464022103491 0.926437439781042 -2.65967457454371 0.00782161837678193 0.641690604400189
ENSG00000293442.1 9.98145609933318 3.57137069845408 1.34354412840045 2.65817149058286 0.00785659037262903 0.641690604400189
ENSG00000078081.8 3.21754959581191 2.8422332277426 1.07068745566704 2.65458721188797 0.00794055106928277 0.641971897903142
ENSG00000106462.12 12.5996821802276 -1.78366954015353 0.672392512030933 -2.6527207073827 0.00798459081631317 0.642230391155379
ENSG00000149573.9 5.56975172036968 2.3907526988899 0.90186777913022 2.65089046777522 0.0080279871613768 0.642230391155379
ENSG00000177738.6 17.3278889228579 -1.12357022640984 0.423862621028087 -2.65078865337218 0.00803040744574261 0.642230391155379
ENSG00000170743.17 27.8485042038409 1.41010421545193 0.532218031823714 2.64948598344183 0.00806143161021377 0.64240074906768
ENSG00000090659.18 11.0188685813053 2.80051811945751 1.05818560731554 2.64652826507631 0.00813227087265816 0.643433374775121
ENSG00000122679.8 18.3801076307486 2.25621741032347 0.852451164676495 2.64674095574696 0.00812715826214264 0.643433374775121
ENSG00000246022.4 7.47734278384596 -2.20223302738287 0.832522402031017 -2.64525377576665 0.00816296711486512 0.643571800938994
ENSG00000291101.1 14.73473836949 -1.44115990352316 0.545114804272359 -2.64377318727726 0.00819875746592137 0.64410945137749
ENSG00000085552.18 1.4185667165989 -3.56263654185373 1.3487454175295 -2.64144477938573 0.00825532633876783 0.645165652953234
ENSG00000168234.13 31.2696583691713 -1.22988216750685 0.46571744468116 -2.64083336699757 0.00827023843348499 0.645165652953234
ENSG00000075702.19 11.4392450993427 -1.37937671675319 0.524028057770771 -2.63225736923532 0.00848195824747837 0.647361169890449
ENSG00000100505.14 282.9688911181 -1.125940143575 0.428087560926743 -2.63016318703003 0.00853438905595272 0.647361169890449
ENSG00000104689.10 5.29582754873071 2.92807655602305 1.11208539035578 2.63296018580579 0.00846442690609183 0.647361169890449
ENSG00000105793.16 41.0270554052031 -1.30792569904867 0.497610953120169 -2.62841018841646 0.00857850045608291 0.647361169890449
ENSG00000119917.15 162.865561762372 1.38477524698417 0.527840087521705 2.62347494955511 0.00870378453559748 0.647361169890449
ENSG00000124181.15 273.204458947607 -0.980582190671875 0.373784747356052 -2.62338738433811 0.00870602212014772 0.647361169890449
ENSG00000128039.13 39.3007072443224 1.96587325554115 0.746422069188052 2.63372873966549 0.00844529288597893 0.647361169890449
ENSG00000134955.12 33.866765704762 1.43338192451519 0.543620179640584 2.63673420928354 0.00837083917997858 0.647361169890449
ENSG00000138135.7 19.0450936489606 2.20876558029883 0.841735377864887 2.62406171628606 0.00868880393683205 0.647361169890449
ENSG00000149295.14 2.41923159276122 -2.87252142094941 1.09483433099755 -2.62370418941114 0.00869792912333071 0.647361169890449
ENSG00000170312.17 7.24014037170527 -2.9134766047166 1.10559579587983 -2.63520955449914 0.00840853535514982 0.647361169890449
ENSG00000175928.6 57.4279361684112 -1.99771215576646 0.758116045696548 -2.63510074362163 0.00841123143450506 0.647361169890449
ENSG00000177425.11 24.7311900496468 1.96129581804129 0.74727289659815 2.62460451458871 0.00867496640815875 0.647361169890449
ENSG00000290545.1 1.89216864345357 4.19632582055781 1.596729805494 2.62807508579045 0.00858695594516882 0.647361169890449
ENSG00000134215.16 16.790909526293 -1.48617650319293 0.56862190829601 -2.61364622345727 0.00895817416374155 0.653653490408051
ENSG00000140876.11 5.59310940531117 2.37389525676914 0.906884082631287 2.61763912525775 0.00885403868393615 0.653653490408051
ENSG00000144285.23 69.7532415206101 1.69392308307264 0.647438686836327 2.61634517293043 0.00888766610153592 0.653653490408051
ENSG00000186185.14 11.4408326751519 -2.12548944575982 0.813253818301312 -2.61356220890478 0.00896037697673602 0.653653490408051
ENSG00000241839.10 86.2770488360087 1.10139145859939 0.421454898803051 2.61330799980589 0.0089670451389581 0.653653490408051
ENSG00000256751.6 7.93346064169793 -2.13816267883474 0.817179086473246 -2.61651664148987 0.00888320340480561 0.653653490408051
ENSG00000137815.15 118.519950811392 -1.17879978714181 0.451605622380666 -2.61024161065068 0.00904782947524086 0.657386904323628
ENSG00000163879.11 47.8645030902138 1.27632487205901 0.48949383483024 2.60743809470379 0.00912225637735662 0.660635589699575
ENSG00000166888.12 99.3765906250793 1.32157490549496 0.507758820959685 2.60276109629594 0.00924763696182855 0.6675412745855
ENSG00000134321.13 60.7448364607603 1.79939461015421 0.692840459740706 2.59712692129388 0.00940071806251282 0.676395354963908
ENSG00000139266.6 87.6081968983077 1.77694290433439 0.68537281082269 2.59266617565618 0.00952351604258844 0.680824219211797
ENSG00000185201.18 68.2615731157521 1.42411508489073 0.54922057897292 2.59297473440256 0.00951497603441281 0.680824219211797
ENSG00000076053.12 22.6062854369818 1.6070884262088 0.620762980162591 2.58889218198525 0.00962852364059159 0.681626762121222
ENSG00000108100.18 113.009050516272 1.00594466391532 0.388416557405193 2.58986040820585 0.00960148573397016 0.681626762121222
ENSG00000164466.13 100.71733580262 -1.04483556720618 0.403822980958235 -2.58736034469084 0.00967143916208955 0.681626762121222
ENSG00000197343.11 95.8544568346719 -0.959764655751053 0.370524217264488 -2.59028859931699 0.00958955001688279 0.681626762121222
ENSG00000243649.10 23.179039922138 1.89462572564871 0.732429243448151 2.58676963351318 0.00968803386094122 0.681626762121222
ENSG00000038382.23 460.927332112507 -1.40080454867479 0.543289567301982 -2.57837557167035 0.00992660426931804 0.682131971093132
ENSG00000136244.12 2.12357937871139 4.30840731192354 1.66797707351843 2.58301350799468 0.00979414882032806 0.682131971093132
ENSG00000138658.16 19.8164039479604 2.00609560565306 0.77755945828193 2.57998997283843 0.00988031839853043 0.682131971093132
ENSG00000150687.12 55.3868319304794 1.47908842420995 0.573826476761665 2.57758832000407 0.00994924524421416 0.682131971093132
ENSG00000185745.10 74.3116861113926 1.57781969601832 0.611874730141776 2.57866458327626 0.00991830396135406 0.682131971093132
ENSG00000224152.3 10.4320049929228 -1.64706563728346 0.638060134052646 -2.58136427803773 0.00984106784869504 0.682131971093132
ENSG00000277632.2 70.6512904751905 2.49442406901714 0.965956419493089 2.58233603367547 0.00981339814381628 0.682131971093132
ENSG00000278017.2 1.88415299573934 -4.12034158927114 1.59652867432578 -2.58081276931099 0.00985680237456374 0.682131971093132
