ensgene baseMean log2FoldChange lfcSE stat pvalue padj
ENSG00000105323 723.752344114796 -0.682023773382324 0.134613441906844 -5.06653543450958 0.000000405121366301255 0.000322146485252646
ENSG00000119669 281.05308375032 -0.906291629118849 0.184146423215559 -4.92158149636149 0.000000858476394542187 0.00052760775103191
ENSG00000144231 128.013021805808 -0.984580668630355 0.214210090466868 -4.59633188373375 0.00000429993608135571 0.00147380309188467
ENSG00000148218 147.657311753693 0.953081565388262 0.213806319940942 4.45768659060932 0.00000828489124432896 0.00207974107954472
ENSG00000147140 487.294815490561 -0.966196917948322 0.220516264503238 -4.38152224338143 0.0000117853009487662 0.00253071588927543
ENSG00000112592 37.4366244113065 -0.928417344792185 0.220761241569605 -4.2055269221679 0.0000260474578298301 0.00380527738443493
ENSG00000162086 44.8898597092616 -0.886291564318543 0.215454750310237 -4.11358562780517 0.0000389560445337174 0.00499506173902479
ENSG00000178691 73.8692412964719 -0.732112163457292 0.178312078376216 -4.10579120676631 0.0000402933315287236 0.0050431580888881
ENSG00000122566 1108.49402346046 -0.632553555715568 0.158507876705173 -3.99067585071577 0.0000658852771939108 0.00703474937112702
ENSG00000161202 399.988192680907 -0.666304482388993 0.167538867969357 -3.9770143517435 0.0000697859546886367 0.00723136668846263
ENSG00000124120 58.627474428578 -0.63960211168349 0.161185946555066 -3.96810097501263 0.0000724476381796884 0.00742088652457808
ENSG00000197111 659.90426122609 -0.521951165591827 0.131769634005201 -3.96108837618251 0.000074608910265363 0.00755542390715661
ENSG00000164032 67.0933237906862 -0.952849344713941 0.24301287202293 -3.92098301946752 0.0000881884777686835 0.00845044752296369
ENSG00000163041 826.211891958851 -0.922995405693031 0.238684720832124 -3.86700666249268 0.000110179418955833 0.00959218869552476
ENSG00000105202 67.7745665085368 -0.87928484718538 0.230115833684026 -3.82105321962649 0.000132882970206499 0.0103726585791724
ENSG00000106346 47.1786807372389 -0.847513153619983 0.221878678189147 -3.81971427149704 0.000133606353024051 0.0103726585791724
ENSG00000225339 60.4435668150802 0.945451543799102 0.246604555848284 3.83387703664633 0.000126139214848929 0.0103726585791724
ENSG00000179051 280.57156159046 -0.945090337838673 0.249638210733109 -3.7858400565492 0.000153190186790105 0.011450179255007
ENSG00000099785 118.996096430285 0.739298849689373 0.196012418367999 3.77169393574541 0.000162143065077004 0.0118924932052158
ENSG00000198563 718.811406490082 -0.650884295909269 0.172771877054491 -3.76730465053629 0.000165019577110353 0.0119438721781384
ENSG00000113719 231.788675116163 -0.710342781600479 0.195057870895981 -3.64170273333541 0.000270840713329342 0.0169111533440057
ENSG00000197892 264.199749938035 0.993185289438843 0.274055580460893 3.62402870165444 0.00029004939683447 0.0177601426664132
ENSG00000141985 161.639576420487 -0.808284551454355 0.22391112076785 -3.60984549888606 0.000306379440178695 0.0184563934682005
ENSG00000131653 139.617951547269 -0.975407632933023 0.27060604534763 -3.60453008978414 0.000312718219128225 0.0187032779178602
ENSG00000146731 164.656300480296 -0.919305562588949 0.256359765774022 -3.58599782541268 0.000335791755530782 0.0193429147628972
ENSG00000166912 120.972518724402 0.905958374778338 0.255543934316867 3.5452157266037 0.000392291880686903 0.0205641711455372
ENSG00000126603 63.6575273772322 -0.991510570055118 0.280040879729034 -3.5405922557253 0.000399230033444107 0.0208054879709776
ENSG00000066044 158.905185617274 -0.786990940684154 0.223664457914092 -3.51862315552358 0.00043379241960497 0.0218403454650265
ENSG00000104824 646.797020622189 -0.672891805812173 0.191115245256264 -3.52086933153816 0.000430134521360568 0.0218403454650265
ENSG00000149929 48.5034171364334 -0.750249897266022 0.212879824599997 -3.52428840391873 0.000424621803153021 0.0218403454650265
ENSG00000181472 20.3350997978216 -0.797788841251109 0.227396482264312 -3.50836052214655 0.000450877587811572 0.0224467144196881
ENSG00000129473 147.128780438355 0.829082689176137 0.240136821269937 3.45254294943868 0.000555329061806309 0.0256415281569271
ENSG00000101126 198.193112645407 -0.737199675908341 0.213736098414812 -3.44911169136066 0.000562434011352935 0.0258357252173798
ENSG00000157800 41.1039135302559 -0.95973509713895 0.278642563272718 -3.4443233864441 0.000572490518404526 0.0261628166910869
ENSG00000178035 100.408073305689 -0.835294368032356 0.242609252974227 -3.44296170814677 0.00057538077634116 0.0261909627009733
ENSG00000111786 121.138973738721 -0.6052381431081 0.176250332605089 -3.43396879973108 0.000594812657147565 0.026771075728134
ENSG00000108578 41.1486036346599 -0.90801010973817 0.264680485413935 -3.43058955902294 0.000602271124279761 0.0268498617784505
ENSG00000111450 39.0274873837181 -0.78887646552074 0.230031047728307 -3.42943473636 0.000604839874927617 0.0268498617784505
ENSG00000144580 90.6824743697913 -0.800479351812389 0.23351203591112 -3.42800039702051 0.000608044570577743 0.0268803308660892
ENSG00000124422 735.74831950189 -0.662918713852545 0.193641635948678 -3.42343066151456 0.00061836025143297 0.0271454058159848
ENSG00000120314 84.8779386021491 -0.550396807131708 0.163020440419998 -3.37624414284302 0.000734826818900224 0.0305181260508286
ENSG00000171792 26.3792020894716 -0.92321103156886 0.273740998877628 -3.372571282176 0.000744698072841047 0.0306049567498203
ENSG00000145041 72.8958827191613 -0.62955313671516 0.187051436177655 -3.36566855395451 0.000763583993256725 0.0309303579813968
ENSG00000169683 41.5267702361656 -0.967059769658851 0.287267739444933 -3.36640574931049 0.000761546014004214 0.0309303579813968
ENSG00000213024 145.65198181211 -0.735744118203564 0.218506881344006 -3.36714392552812 0.000759510384616637 0.0309303579813968
ENSG00000141858 199.009467036444 -0.697079703157404 0.207220013644226 -3.36395935362795 0.00076832857996024 0.0309817200919262
ENSG00000175602 76.6980714540695 0.975222198788207 0.290092137286338 3.36176708514373 0.000774454189816312 0.0311582325622937
ENSG00000177733 338.223901212281 -0.72606201993215 0.217133695009729 -3.34384776116676 0.000826250650245653 0.032365418328194
ENSG00000067836 115.754558067496 0.993832844151823 0.297594233575107 3.33955679252434 0.00083912191348964 0.0326543010133752
ENSG00000114302 183.177487269487 -0.591923188067124 0.177398623923364 -3.33668421420695 0.00084784220930512 0.0328501993400982
ENSG00000143621 131.465603731891 -0.982556499953505 0.294438208792455 -3.33705501056792 0.000846711876259407 0.0328501993400982
ENSG00000142961 41.842489137864 0.823127194338732 0.246931428162611 3.33342418364292 0.000857840475773322 0.0329795550645709
ENSG00000203778 47.5536635252095 0.964922012092631 0.291216430982208 3.31341885084631 0.000921628471158766 0.0340792204179724
ENSG00000161960 531.840336716481 -0.790881591101504 0.238823126920605 -3.31157874574027 0.000927711263649635 0.0342331218468477
ENSG00000152061 112.570319627297 0.614973671388862 0.185802475292536 3.30982496557497 0.000933543294981395 0.0343073399674573
ENSG00000197043 199.597023228269 -0.916060070237047 0.277141187094289 -3.30539130557085 0.000948438833021159 0.0345685589385197
ENSG00000124207 73.464113470476 -0.586839084796127 0.177662252207784 -3.3031163204539 0.000956167164159299 0.0347082838427926
ENSG00000011304 245.537337645885 -0.896182562732056 0.271780197806659 -3.29745349353815 0.000975658306671951 0.0352721257602722
ENSG00000101193 109.905593576204 -0.659196433126418 0.200361157425653 -3.29004105184919 0.00100172767044102 0.0359231232802219
ENSG00000163479 128.227920424613 -0.912073929552268 0.278088608798142 -3.27979608188238 0.00103882142438612 0.0365185685341891
ENSG00000066117 174.608825181287 -0.732411988611326 0.223935514147537 -3.27063793967394 0.00107305195750961 0.0373535254661988
ENSG00000131504 170.320127022943 -0.661922788588847 0.202490292929998 -3.26891121056197 0.00107962174296301 0.0375089635961593
ENSG00000153885 63.3446916708834 -0.973320386307594 0.298007712902437 -3.26609125927638 0.00109043101818752 0.0377373825964196
ENSG00000164402 454.419962054063 0.904570396259712 0.277052706157068 3.264975855341 0.00109473407791214 0.0377844167050021
ENSG00000149658 110.238080411369 -0.550568982805275 0.168823936391845 -3.26120214095346 0.00110940921212303 0.0380662237605019
ENSG00000169919 81.1313030582393 -0.821502973456012 0.252132946300938 -3.25821351595793 0.00112116015355344 0.0382805314497758
ENSG00000172354 390.522079547273 -0.653520403431929 0.200628312278743 -3.25736879311411 0.00112450230888579 0.0383212326028136
ENSG00000071242 329.777891272452 0.822359753224891 0.252938492623835 3.25122421935157 0.00114909195625283 0.0384572496255917
ENSG00000124795 121.610267253543 -0.929695348599068 0.285808847439717 -3.25285713485535 0.00114250923794215 0.0384572496255917
ENSG00000151135 80.1286560742973 -0.736018080834257 0.226358315073335 -3.2515619344304 0.00114772766808948 0.0384572496255917
ENSG00000183520 56.1571649002368 -0.841064637339731 0.258710939525617 -3.25098211495016 0.00115007092242835 0.0384572496255917
ENSG00000106105 181.580377557747 -0.665813247815814 0.205027070158243 -3.2474406784525 0.00116447936040643 0.038577166618074
ENSG00000103429 70.2636939333299 -0.521596859467478 0.161039372890477 -3.23893995676584 0.00119974827364055 0.0391874168710769
ENSG00000103495 383.238424254213 -0.605011566028519 0.186707509489152 -3.24042438187882 0.00119351923451753 0.0391874168710769
ENSG00000183684 48.3561472306109 -0.836236572943146 0.258216555567432 -3.23850874358351 0.00120156337915927 0.0391874168710769
ENSG00000116273 46.2279646698283 -0.564137415877015 0.174328028079481 -3.23606835970065 0.0012118835782482 0.0394149653560541
ENSG00000128849 94.7081343232476 0.905984883576671 0.280010922499988 3.23553408377028 0.00121415388831563 0.0394168756857004
ENSG00000157827 406.802030682296 0.693859295385169 0.215062560733054 3.22631374340614 0.00125395817635243 0.040140925608257
ENSG00000087269 49.5224514287139 -0.471776250742369 0.146452654065178 -3.22135678423695 0.00127585209959799 0.0404074949035001
ENSG00000083857 219.72953143164 -0.977473803465648 0.303865155968622 -3.21680121680876 0.00129628379337885 0.0408141876118845
ENSG00000152154 58.0772179362677 0.958897187818774 0.298836499090019 3.20876864351809 0.00133304710643511 0.0413693278879953
ENSG00000006451 93.7875302869772 -0.597989565107191 0.18669441880971 -3.20303932447332 0.00135985410842532 0.0416248895305261
ENSG00000059691 26.3611563424879 0.77585772773018 0.242162600445463 3.20387097885046 0.00135593225873474 0.0416248895305261
ENSG00000129932 67.4237271137422 0.918347541216433 0.286667216124395 3.20353179422487 0.00135753049706987 0.0416248895305261
ENSG00000184226 622.330115401741 0.914693809661814 0.285734728674542 3.20119928685207 0.00136856842473148 0.0417671147842282
ENSG00000037241 15.7153122951586 -0.976183685473797 0.306002061951598 -3.19012126666063 0.00142213105946975 0.0428095697266242
ENSG00000158941 176.242820177259 -0.746430621096959 0.23414198409915 -3.18794010381698 0.0014329021477935 0.042922041983401
ENSG00000114867 658.205368152882 -0.59151654763722 0.185614347121007 -3.18680402033574 0.00143854212989755 0.0429466271041274
ENSG00000134987 45.0507322355553 -0.747519128661736 0.235234298752617 -3.17776418075775 0.00148415410905639 0.0438674605069853
ENSG00000104897 649.553001475319 -0.985992090281619 0.310704597495808 -3.17340682509508 0.00150661251208297 0.0442272622325083
ENSG00000186026 23.3433891261803 -0.913510168356186 0.287902353338697 -3.17298611061197 0.00150879742335219 0.0442272622325083
ENSG00000014138 31.1554482540598 -0.788153632881546 0.248563026377753 -3.17084018635882 0.00151998741192332 0.0443383562073803
ENSG00000168487 111.14922169944 -0.962313500621517 0.303476531270324 -3.17096513721626 0.00151933376155305 0.0443383562073803
ENSG00000106086 34.4309985651416 -0.798233466994434 0.251981680295296 -3.16782341501568 0.00153584776522945 0.0444373615579294
ENSG00000135316 204.710946027123 -0.697534885698812 0.220179646830183 -3.16802618107929 0.00153477698473319 0.0444373615579294
ENSG00000127663 231.255873751927 -0.976924742634092 0.309629374016917 -3.15514232374063 0.00160419828970512 0.0456006796131011
ENSG00000165475 63.8312245583674 0.760768647232447 0.241721192319374 3.14729809137828 0.00164786870836005 0.0464714620080713
ENSG00000161847 199.873705537189 -0.858664929361477 0.273051450734365 -3.14470011806243 0.00166257158099761 0.0466645878553078
ENSG00000196507 127.961165468275 0.596862797961606 0.189943514349242 3.14231733579582 0.00167616262836018 0.0469492870317751
ENSG00000210082 109175.465350473 0.909320840842881 0.289408334790986 3.14199949182391 0.00167798327101166 0.0469492870317751
ENSG00000105341 49.0720057135829 -0.638185384783482 0.203374564674923 -3.13798033595581 0.00170116289131092 0.0474488673111651
ENSG00000145734 144.415198723424 0.59450261055652 0.189745379708538 3.13315987704004 0.00172935216852951 0.0474858202961257
ENSG00000153975 12.8267111797434 -0.89334357889632 0.285181997843168 -3.13253846895203 0.00173301715568785 0.0474858202961257
ENSG00000164975 55.684432265054 -0.85546274189647 0.273147428291648 -3.13187185120801 0.00173695672345017 0.0474858202961257
ENSG00000115241 106.95051968776 -0.701492058407219 0.224686002900833 -3.12209950486692 0.00179566235936337 0.0480102720439105
ENSG00000141582 88.2242443397897 -0.475798765640523 0.152395086018332 -3.1221398148185 0.00179541650318661 0.0480102720439105
ENSG00000130956 90.4045429994409 0.903353701912284 0.289624414708965 3.11905231753352 0.00181433742559527 0.0484085867311144
ENSG00000102870 134.758871098822 -0.488367279588735 0.156630724188187 -3.11795327589736 0.00182111672035697 0.0485168360342635
ENSG00000183255 352.700791184829 -0.773291348249125 0.248121828445226 -3.11657927516777 0.00182962480478422 0.0485286333158119
ENSG00000102302 73.1244084990831 -0.726833053159921 0.233530344570842 -3.11237091905816 0.00185591155135918 0.049090103921973
ENSG00000161642 416.761542703125 0.875953297270307 0.281449565596224 3.11229223400891 0.00185640633133646 0.049090103921973
ENSG00000125835 82.9036293541991 -0.839140651112702 0.270308832638911 -3.10437747416732 0.00190679886903947 0.0492764428221497
ENSG00000136527 130.019174637708 -0.727770299748269 0.234273562174515 -3.10649777547728 0.0018931773294859 0.0492764428221497
ENSG00000147155 53.5246759564929 -0.728421282586875 0.234618284475108 -3.10470807599889 0.00190466906390145 0.0492764428221497
ENSG00000164610 25.0019853540128 -0.927717198445222 0.298776947533242 -3.10504945613986 0.00190247211562 0.0492764428221497
ENSG00000100605 329.953071021797 0.869704036489579 0.280756255406852 3.09771917718901 0.00195016129160247 0.0498676107607328
