ensgene baseMean log2FoldChange lfcSE stat pvalue padj
ENSG00000105722 174.147736467795 -1.43512363939334 0.230566309785152 -6.22434231926872 0.000000000483580209071893 0.00000861885006628835
ENSG00000139329 112.310512690399 -5.8676001200353 0.991348688299747 -5.91880555175674 0.00000000324288086550951 0.000028898932832988
ENSG00000089685 55.3047434691801 -1.75592874097914 0.313407448896269 -5.60270263889075 0.0000000211035093256599 0.0000660427081635854
ENSG00000140451 16.1232979689909 -2.72311926964472 0.489166865864618 -5.56685143592365 0.00000002593833569798 0.0000660427081635854
ENSG00000166341 175.720792457478 -1.30832808152974 0.234799956886893 -5.57209677069909 0.0000000251691541141956 0.0000660427081635854
ENSG00000167513 20.4793523033681 -1.83659401946922 0.327752530357598 -5.60359981802547 0.0000000209945119367883 0.0000660427081635854
ENSG00000197757 10.3680390265777 -3.55900725312444 0.635361646384677 -5.60154562897499 0.0000000212448845881965 0.0000660427081635854
ENSG00000068489 178.529913593793 -2.83823527287487 0.520906208201175 -5.44864935028523 0.0000000507537625716653 0.000100509367812755
ENSG00000277258 174.092582095336 -1.28202587418311 0.237397676639384 -5.40033033318417 0.0000000665182967022732 0.000118555560212462
ENSG00000106333 122.689239003422 -3.07047964148182 0.57913554624728 -5.30183246629931 0.000000114646029168877 0.000127708511117305
ENSG00000168542 2053.83701008666 -4.76716386487278 0.889308470640205 -5.36052902030826 0.000000082978595133431 0.000127708511117305
ENSG00000101203 187.749992155075 -4.7228491900733 0.910222901996143 -5.18867321368862 0.000000211797697712031 0.000209715020351196
ENSG00000162063 29.1257905336878 -1.61759578605468 0.311578620328619 -5.19161354636148 0.000000208479382707919 0.000209715020351196
ENSG00000196132 57.6961630436537 -3.61639169443148 0.702886413198949 -5.14505847107316 0.000000267437499244976 0.00023832692745216
ENSG00000101057 33.9503375622882 -3.02189984127357 0.597022837622204 -5.0616151524606 0.000000415719528744367 0.000322146485252646
ENSG00000112742 7.71810791808955 -2.94026384524569 0.580032224363882 -5.06913878529811 0.000000399619765693728 0.000322146485252646
ENSG00000164692 1857.35847960658 -4.05605340190609 0.812664820784193 -4.9910532585773 0.000000600509355659534 0.000411649163304611
ENSG00000237649 24.6535685967728 -2.66031698947756 0.538157111140413 -4.943383510886 0.000000767782345084517 0.000488720883444334
ENSG00000131759 140.601155926567 -1.07270168819299 0.221121835940843 -4.85117936737812 0.00000122729490346324 0.000683564908263289
ENSG00000196230 852.060701249452 -1.32698625277523 0.273394375368614 -4.85374379405602 0.00000121152239232616 0.000683564908263289
ENSG00000183496 22.8811312595679 -2.23673814214614 0.463622917963659 -4.82447708144027 0.00000140371056423025 0.00075813131473563
ENSG00000065485 19.0268105052684 -1.81183854086537 0.377121330398178 -4.80439157061831 0.00000155222790799324 0.000813687000122459
ENSG00000142156 1505.37956229118 -2.31092499993263 0.481941041432138 -4.79503673948472 0.00000162645019604915 0.000828234909833827
ENSG00000090447 70.2164303750089 -1.15964967820754 0.242498164679859 -4.78209672117924 0.00000173476168601358 0.000835639392697838
ENSG00000117724 87.6687942725589 -2.43047299751666 0.50987024663511 -4.76684610164365 0.00000187132138999197 0.000877698977205972
ENSG00000155090 50.4830686476351 -1.4391933774627 0.30330295883529 -4.74506870288813 0.00000208435578629476 0.000928736829478288
ENSG00000164045 10.6054083155851 -2.54590047287344 0.536271826150344 -4.74740672309661 0.00000206041359088185 0.000928736829478288
ENSG00000108821 4115.85524007939 -3.976273816079 0.842741007675976 -4.71826311982178 0.00000237866721815683 0.000985929903004863
ENSG00000173404 35.5981526750641 -2.81965395937347 0.597194608809515 -4.72149935344249 0.00000234112375657962 0.000985929903004863
ENSG00000138160 18.9706635625544 -2.19893439608562 0.46746380432631 -4.70396718576883 0.0000025515427479423 0.00103354878174035
ENSG00000073111 51.7231474203256 -1.92461911186122 0.410737094949209 -4.6857689152698 0.00000278910818172951 0.00108065815484707
ENSG00000075702 30.5996012320199 -1.9378087749055 0.416285126101656 -4.65500363429342 0.00000323974992437746 0.00122855452983361
ENSG00000101825 100.707640503393 -3.37566453713386 0.72944267736035 -4.627731063597 0.00000369693658751467 0.00137271876665154
ENSG00000106244 196.476361471081 -1.98643037408446 0.430800994347708 -4.61101622360968 0.00000400705260310953 0.00140034703029845
ENSG00000134690 8.69909658947341 -2.28911704102115 0.498504692223578 -4.5919668896406 0.00000439088042487025 0.00147657852476344
ENSG00000087586 9.39108535906624 -1.9796971072908 0.433785406622176 -4.56377065034624 0.0000050242965292039 0.00157477613344982
ENSG00000125885 49.0484334239125 -1.33531226215069 0.292621841348948 -4.56326928979422 0.0000050363148519688 0.00157477613344982
ENSG00000154263 14.2231706228152 -2.96275997749523 0.648557314037839 -4.56823154001525 0.00000491856523816685 0.00157477613344982
ENSG00000162490 93.5983819528699 -2.29338214965529 0.503988294195408 -4.55046709629746 0.00000535269574169203 0.00164484648627891
ENSG00000080986 10.1553439316109 -2.86753115246604 0.631872105024697 -4.53815120126874 0.00000567495658243143 0.00167087896625473
ENSG00000115163 3.60443632293029 -3.04182450347077 0.670281801660047 -4.53812783807834 0.00000567558520170173 0.00167087896625473
ENSG00000137812 40.8782575510168 -2.87705297731784 0.634196428751146 -4.53653292085436 0.00000571865662018396 0.00167087896625473
ENSG00000111602 36.395824036145 -1.20814993400333 0.267798396974298 -4.51141585481291 0.00000643963289972528 0.00181646381184145
ENSG00000254726 79.8452173886358 -2.72447742634652 0.606179844598545 -4.49450348873091 0.00000697324602918117 0.00188146369381147
ENSG00000278254 7.6445770629193 -4.69764135713736 1.04589900143092 -4.49148660693851 0.00000707277492483694 0.00188146369381147
ENSG00000113758 272.839424253123 -1.26345156827617 0.282938121699733 -4.46546955456574 0.00000798933335829279 0.00203419840635503
ENSG00000197451 141.296789741923 -1.02011150683705 0.229159537884251 -4.45153414191432 0.00000852589736538926 0.0021105148436574
ENSG00000141380 197.588081387196 -1.98584672847978 0.446957558001526 -4.44303199023876 0.0000088699971540209 0.00216561588049472
ENSG00000075461 141.306023275527 -2.6882387592811 0.606050214922634 -4.43567000405118 0.00000917863623556178 0.0021771418049287
ENSG00000113368 63.0519925514561 -1.93085117188586 0.435541612659495 -4.43321858523629 0.00000928366589096008 0.0021771418049287
ENSG00000172236 10.0565999243476 -3.55911109947134 0.802447614180213 -4.43531893743288 0.00000919360752640517 0.0021771418049287
ENSG00000124766 477.053872209373 -2.38641077760955 0.53923979778459 -4.42550936969761 0.00000962149802466351 0.0022270644064101
ENSG00000106538 37.5721138036398 -2.12442848358351 0.481378399206573 -4.41321938642257 0.0000101844698790114 0.00227034559925385
ENSG00000153395 199.600950029037 -1.26367257369652 0.286127358852252 -4.41646887164344 0.0000100326340918826 0.00227034559925385
ENSG00000213563 50.0922080261032 -1.6174366428745 0.366509000050153 -4.41308847164237 0.0000101906327745221 0.00227034559925385
ENSG00000071575 444.255232529121 -1.7218744843879 0.391444550870824 -4.39876983996162 0.0000108866206420529 0.00236624682565011
ENSG00000088325 48.586106159583 -2.40498703475386 0.546623903290544 -4.39971069738521 0.0000108395288488068 0.00236624682565011
ENSG00000037965 9.62815574140711 -3.15607607058888 0.720828084829927 -4.37840330726504 0.0000119551961144636 0.0025366364327153
ENSG00000038427 522.184725053813 -1.97038674016406 0.451266988064848 -4.36634363309756 0.0000126343659917784 0.00264920358907607
ENSG00000277224 10.3206379536783 -2.53408914578906 0.581247463017775 -4.35974229054237 0.0000130215705224344 0.0026676258784063
ENSG00000076003 33.6890354844608 -1.47548833542639 0.339649090630492 -4.34415511811745 0.0000139812701394027 0.00270856714885406
ENSG00000101447 6.45134886461689 -2.54494138399723 0.585187043240465 -4.34893665776442 0.0000136799213783288 0.00270856714885406
ENSG00000186185 39.8112960906904 -2.53906347128812 0.583559836236224 -4.35099078727604 0.0000135523747097767 0.00270856714885406
ENSG00000164611 16.1439045450698 -1.97143963617116 0.45462678077721 -4.3363913423685 0.000014484097519193 0.0027758072052105
ENSG00000117399 20.7351576970179 -1.68849350648864 0.389932141274563 -4.33022397427793 0.0000148957757003441 0.0027946043190235
ENSG00000139289 348.554847924089 -1.78753755953346 0.412798036229303 -4.33029569583638 0.0000148909247230487 0.0027946043190235
ENSG00000180806 6.27628197084271 -3.39509979881777 0.785532036213913 -4.32203862134176 0.0000154594118885626 0.00284054740298815
ENSG00000168256 98.2267317966952 -1.10625147088882 0.25708097591947 -4.30312459695717 0.0000168406079517548 0.00303181975276895
ENSG00000005448 16.1450645203239 -1.23324008620421 0.287370835135934 -4.29145875440303 0.0000177503176236795 0.00306149217281047
ENSG00000088882 54.4925487300276 -2.46761470870614 0.576324672178171 -4.28163989471421 0.0000185521033814452 0.00306149217281047
ENSG00000113739 40.7710370271579 -2.61723679056534 0.61072778671972 -4.28543918825567 0.0000182378532464263 0.00306149217281047
ENSG00000116157 14.3156302787667 -1.60752902698623 0.375461964732741 -4.28146970394323 0.0000185663003461353 0.00306149217281047
ENSG00000124212 16.9029539704708 -2.05338401272238 0.479008614630946 -4.28673712748239 0.0000181316640502637 0.00306149217281047
ENSG00000130600 267.749749285934 -4.53362140340393 1.05696377850674 -4.28928738675315 0.0000179247311914095 0.00306149217281047
ENSG00000140682 86.0041791799255 -1.98251085691583 0.462777314159469 -4.28394131747063 0.0000183611359559803 0.00306149217281047
ENSG00000145908 16.7545924844339 -1.77842282348864 0.415673465753282 -4.27841315361757 0.0000188230402602773 0.00306149217281047
ENSG00000176531 23.6198260300179 -1.59828596531427 0.373294902409379 -4.28156386545424 0.0000185584443077744 0.00306149217281047
ENSG00000184897 202.958280503924 -1.07769687377375 0.250916484927761 -4.29504212959152 0.0000174660164919734 0.00306149217281047
ENSG00000130726 241.318776130451 -1.00771234180545 0.235695189235766 -4.27548964861321 0.0000190717662779685 0.00306230712047057
ENSG00000112578 14.5388783424078 -1.54378318470204 0.361783508365073 -4.26714637070804 0.000019798926341783 0.00315068093026426
ENSG00000149328 19.5878277167403 -2.29602036951588 0.538611197545245 -4.26285301898687 0.000020183328358829 0.00318342886141071
ENSG00000112559 45.0537473575523 -2.26813248568233 0.53297593682275 -4.25560016687327 0.0000208488997966134 0.00325956088662316
ENSG00000106462 36.1174902020525 -2.04578250112576 0.48163394979602 -4.24758782472078 0.000021608446833002 0.00332006334400513
ENSG00000136261 62.3807092214939 -1.48444002711605 0.351464302136183 -4.22358691364583 0.0000240444583727155 0.00366277249211034
ENSG00000173894 19.679001099727 -2.68181685766845 0.636160621261816 -4.21562851901946 0.0000249083490354097 0.00374524388222215
ENSG00000117122 18.251681903359 -3.20922613815284 0.762443912493756 -4.20913077744472 0.0000256354985945475 0.00378050306459565
ENSG00000145386 10.8306693583912 -1.95231642720975 0.46385826450397 -4.20886416521536 0.0000256657617020745 0.00378050306459565
ENSG00000164107 6.15897795007841 -4.42027443531311 1.05184555864352 -4.20239872573457 0.000026410141459299 0.0038268939124316
ENSG00000135451 18.4650914173088 -2.56219608791253 0.611229704384565 -4.19187102579112 0.0000276663272104479 0.0039447755989745
ENSG00000183337 95.8431874160664 -1.31398011562368 0.313435981824185 -4.19218019570175 0.0000276286401945162 0.0039447755989745
ENSG00000120802 88.5254939184928 -1.48915450992617 0.356611589843753 -4.17584439860364 0.0000296882711889503 0.00419947664603699
ENSG00000198885 16.4693438547034 -1.6165720431137 0.387974102954952 -4.16670089782103 0.0000309039548833196 0.00426383613720961
ENSG00000225614 106.124721423652 -1.50392281659131 0.361054900850259 -4.16535771443532 0.0000310864754393714 0.00426383613720961
ENSG00000270882 19.2742463450008 -1.7127250163913 0.412420362259287 -4.15286240235277 0.0000328342184605421 0.0044672082108568
ENSG00000173621 71.9271543922204 -1.37457004417172 0.331729211108426 -4.14365090001809 0.0000341819968017119 0.00461534643179479
ENSG00000142173 1405.28760477115 -2.7975448697707 0.675740074803282 -4.13997182361147 0.0000347348482750746 0.00465473083313274
ENSG00000077279 163.457166117381 -2.9152393327767 0.70626637568921 -4.12767679890164 0.000036644666804194 0.00482064588537152
ENSG00000137441 4.54504532596784 -3.90052609590035 0.944989757353035 -4.12758558021403 0.0000366592017251738 0.00482064588537152
ENSG00000161551 65.0276037506311 -1.11207707056037 0.269476756202178 -4.12680145862387 0.0000367843707799207 0.00482064588537152
ENSG00000090776 89.8112394839884 -1.3044963131977 0.317097156540632 -4.11386947593314 0.0000389081488146207 0.00499506173902479
ENSG00000148773 127.813406505442 -2.42268053513243 0.589454503316025 -4.11003821584777 0.0000395593642208069 0.00503618963219601
ENSG00000069493 20.8816445572296 -1.89495712154037 0.461575720188404 -4.10540901234339 0.0000403600123472138 0.0050431580888881
ENSG00000130635 463.118606693339 -2.58880889046484 0.630675368949926 -4.10482003566304 0.0000404629751843684 0.0050431580888881
ENSG00000176887 370.549627181231 -2.97969216668293 0.728422233614775 -4.09061122681044 0.0000430237814997952 0.00528836453566103
ENSG00000133466 37.5430318695807 -1.59617856831278 0.390672993964341 -4.08571514533323 0.0000439412616714561 0.00536414456692029
ENSG00000159459 91.5502295856426 -2.11972565773329 0.521455108869231 -4.06502040478592 0.000048028259906236 0.00578383565073543
ENSG00000108106 92.8541969814024 -1.35914531829176 0.334708126761983 -4.06068813279301 0.0000489282925570335 0.00581463219472415
ENSG00000167900 13.1259207689574 -2.02704992176787 0.499193572081963 -4.0606490851109 0.000048936476979668 0.00581463219472415
ENSG00000112655 71.8292681920747 -1.45649918849909 0.359204629176922 -4.05478958285282 0.0000501794518738306 0.0058838708601795
ENSG00000122691 24.3312752183246 -2.5504862536135 0.63015125814184 -4.0474191246309 0.0000517854660545718 0.00599332702266645
ENSG00000213420 23.362696966983 -2.07470806910778 0.512506060977152 -4.04816299177441 0.0000516211945616151 0.00599332702266645
ENSG00000198353 13.4750823012956 -2.28504893200887 0.567421227373965 -4.02707692587413 0.0000564745599891978 0.00649384569475789
ENSG00000280351 15.620271413377 -1.5981128710707 0.396994482272381 -4.02552917593001 0.0000568473311875018 0.00649480758817208
ENSG00000135446 98.6075744758383 -1.3874617505214 0.345911761806605 -4.01102796642433 0.0000604549478717657 0.00677665745860679
ENSG00000182199 90.1572340532286 -1.27525247932768 0.31783061808923 -4.01236509872583 0.0000601134323798715 0.00677665745860679
ENSG00000196591 114.004627112836 -1.35895789115898 0.339018849033068 -4.00850246242925 0.0000611050017960374 0.00680671529381735
ENSG00000102384 11.1227951753543 -1.85037066397203 0.464177325605783 -3.98634436000762 0.0000670991075066821 0.00703474937112702
ENSG00000140557 5.44660640764187 -3.66630453683657 0.919141883001629 -3.98883415568396 0.0000663988209213281 0.00703474937112702
ENSG00000168393 26.3654694808698 -1.09097454859538 0.273553703126331 -3.98815492580465 0.0000665891737776012 0.00703474937112702
ENSG00000291029 9.87543415427445 -1.54625097101914 0.387788048592491 -3.98736107683408 0.0000668123028957086 0.00703474937112702
ENSG00000141753 196.162563093611 -2.20717236449749 0.55410891728446 -3.9832825201844 0.0000679698723239303 0.00708436862239421
ENSG00000178409 12.4538455312721 -1.2909839994206 0.32504244943916 -3.97173969630155 0.0000713496597923946 0.00735066466173323
ENSG00000178999 10.7460992139563 -2.43634375525829 0.614738260469804 -3.96322127956759 0.0000739451834151945 0.00753100002290863
ENSG00000179409 28.8401945468515 -1.15479706928265 0.291703403852975 -3.95880560195551 0.0000753255145503208 0.00758489630412637
ENSG00000163808 17.1294434472835 -1.99919798606592 0.505255635757086 -3.9568049212757 0.0000759589118489012 0.0076057061004661
ENSG00000137807 11.1150081656506 -2.26670414325096 0.573278525006134 -3.95393171796678 0.0000768773572999105 0.0076546655818788
ENSG00000131473 218.601624937723 -1.01255237733059 0.257669042214397 -3.92966251835593 0.0000850651671756695 0.00833031029984592
ENSG00000164619 22.1523520523989 -2.40668803476982 0.613417445426962 -3.92340982916564 0.0000873044505497468 0.0084109579575575
ENSG00000163710 18.9983334282838 -3.23812171302485 0.827784892031689 -3.91179126871633 0.0000916140779567683 0.00863935297049461
ENSG00000105251 32.8685072181688 -2.6346690112515 0.674003666060262 -3.90898320576188 0.0000926854063363248 0.00869437893227535
ENSG00000140937 184.634385378946 -1.5781631566245 0.404122734708022 -3.90515806482584 0.0000941638167432435 0.0087410505511189
ENSG00000050344 20.7976425696984 -2.64562888626047 0.67772730387171 -3.90367758705686 0.0000947419741022296 0.00874915131825926
ENSG00000142945 16.4189169012666 -2.22600040739926 0.571495874147318 -3.8950419558505 0.0000981817336094995 0.00897381045190825
ENSG00000203727 11.7408130086242 -1.18636705956545 0.304686681605174 -3.89372798743725 0.0000987153381223206 0.00897654832323531
ENSG00000090889 17.6960569263759 -2.23423356043942 0.575663882915271 -3.88114249781459 0.000103966898310337 0.00926501014292568
ENSG00000101003 31.2797838369353 -1.50007686556651 0.386805946973892 -3.87811220924109 0.00010527016370254 0.00933447824711629
ENSG00000131351 10.7020635937782 -1.27927787655836 0.330179570637618 -3.87449130813245 0.000106847656652196 0.00942745437877276
ENSG00000164104 65.1948744637605 -1.17538365113534 0.303976402685727 -3.86669373263994 0.000110320830983456 0.00959218869552476
ENSG00000258947 182.244828796402 -1.13665321694984 0.294096782431393 -3.86489511225781 0.000111136947996694 0.00961550400070426
ENSG00000154640 34.1444471463544 -1.18194185966227 0.307051946685466 -3.84932215027777 0.000118445146907589 0.0101007074322199
ENSG00000119326 19.1524970594732 -1.26414286761094 0.328992869066224 -3.84246282054363 0.000121805870105027 0.0102293745897747
ENSG00000159335 802.659438496391 -1.0354769224187 0.269575707832222 -3.84113587513292 0.000122466298506376 0.0102293745897747
ENSG00000011638 18.6784017059963 -1.21628179497821 0.317815106143006 -3.82701064697325 0.000129708906499881 0.0103726585791724
ENSG00000071564 236.588277801785 -1.19589685423464 0.3127815721793 -3.82342490928175 0.000131610685814005 0.0103726585791724
ENSG00000121297 50.5828370215023 -1.06255582498275 0.27816105950981 -3.81993017590329 0.000133489457709311 0.0103726585791724
ENSG00000153044 8.24885448952422 -1.7607318357086 0.459645924441083 -3.83062644980394 0.000127817426590639 0.0103726585791724
ENSG00000156103 110.721328933305 -2.30836858978191 0.604128791566493 -3.82098754769882 0.000132918364021811 0.0103726585791724
ENSG00000196584 20.0244383222991 -1.70348056832139 0.444462502115726 -3.83267555803357 0.000126757079497799 0.0103726585791724
ENSG00000223749 7.82733938895407 -2.07931338990911 0.546630700532089 -3.80387231797466 0.000142451624743957 0.0109436004647049
ENSG00000142449 45.5163001690974 -3.7898166830659 0.997088672720191 -3.80088229537978 0.000144181783710767 0.0109818458593034
ENSG00000140988 917.666842128989 -1.00978726748317 0.265965939110675 -3.79667889376981 0.000146647545780176 0.0111221242912344
ENSG00000129810 7.22300525782218 -2.26581789130213 0.598884283357003 -3.78339848660121 0.000154701436564983 0.011450179255007
ENSG00000162849 87.8074101215135 -1.5646210637176 0.413479232955076 -3.78403784039039 0.000154304347522222 0.011450179255007
ENSG00000090006 200.616836788917 -1.31742559352884 0.349555166458516 -3.76886317223174 0.00016399274871756 0.011929970450584
ENSG00000143147 69.0428700007215 -1.2139049195002 0.322286292780036 -3.76654219150644 0.000165524122089446 0.0119438721781384
ENSG00000165244 10.4363914467378 -1.65973405547721 0.440809323214865 -3.76519725892503 0.000166417649213851 0.0119599264594293
ENSG00000060718 97.7602895075659 -2.37728644105825 0.63214468140943 -3.76066826309106 0.000169460040873032 0.0121296638894781
ENSG00000168298 53.187238957589 -1.26564874406486 0.33675873863057 -3.75832487439414 0.000171054696410873 0.012194831416524
ENSG00000131873 94.6806865578522 -1.22583802329235 0.326731559305975 -3.75182007485352 0.000175555440216074 0.0124658351034705
ENSG00000163597 168.405692004586 -1.21032929717157 0.323010016271254 -3.74703333086481 0.00017893831718407 0.0126056032694533
ENSG00000232021 4.71022260448138 -3.99893091545874 1.06891067650796 -3.7411273021642 0.000183196692818888 0.0128547821106734
ENSG00000169607 13.0515535927041 -2.2118896866516 0.59355599435781 -3.72650551536377 0.000194152825729242 0.0133207503444681
ENSG00000177732 282.573565668298 -1.17787085535913 0.317047186857031 -3.7151279184517 0.000203100923078282 0.013711620272819
ENSG00000198826 21.4277581831259 -1.74388722624174 0.469759757023186 -3.71229591332504 0.000205387658201753 0.0138136763476598
ENSG00000204604 18.9389125825559 -1.54116313102202 0.417078863042917 -3.69513602242517 0.0002197691013348 0.0146702048430342
ENSG00000169679 14.9984520490117 -2.19728265579233 0.595468937365466 -3.69000382373221 0.000224250681219332 0.0147484128832921
ENSG00000244486 36.2046655386274 -1.19732457788946 0.324797455081114 -3.68637302773952 0.00022747285372365 0.0148507277359583
ENSG00000132016 19.1959081779682 -1.98866440565436 0.53968196137059 -3.68488211205707 0.000228808520043074 0.014883409681488
ENSG00000130147 79.0701606276233 -1.02168881194709 0.278751681924577 -3.66522922801067 0.000247117143669013 0.0159578581580175
ENSG00000101412 26.1233738960572 -1.1424476500747 0.312069784075103 -3.66087237013553 0.000251357953701495 0.0161149381612293
ENSG00000132465 4.79284333953601 -3.36252265168296 0.918303999909291 -3.66166612800893 0.00025058028821615 0.0161149381612293
ENSG00000103460 22.9927210120041 -1.90851965186974 0.521618660584529 -3.65884082776303 0.000253358631833915 0.0161849852873687
ENSG00000168994 78.5852939247974 -1.0291314623108 0.282159872616414 -3.64733458648057 0.000264974786066224 0.0168065680144424
ENSG00000063660 540.889688073883 -1.00274292915816 0.275387872300106 -3.6412022097524 0.000271367887358225 0.0169111533440057
ENSG00000126778 11.9801858773258 -2.294378551969 0.629770155465737 -3.64319987547238 0.000269269579774387 0.0169111533440057
ENSG00000254139 12.4287651157692 -5.04050899483277 1.38406698931353 -3.64180999456735 0.000270727865924772 0.0169111533440057
ENSG00000092607 25.3162019345995 -2.14252612549775 0.589267892961612 -3.63591186808022 0.000276999029948551 0.0172019293058293
ENSG00000065978 638.478910981118 -1.09538309548041 0.301641168070041 -3.63141113160675 0.00028187572293195 0.0174439965618616
ENSG00000128534 94.324812221765 -1.28254492011919 0.353400331607082 -3.62915596113573 0.000284349417378819 0.0175361926157187
ENSG00000164694 9.38888299452964 -2.87870267200489 0.794517355976273 -3.62320929851513 0.000290970187880416 0.0177601426664132
ENSG00000144355 27.9139774783936 -2.46231408224483 0.681022847135583 -3.61561156516474 0.000299639392542263 0.0182268699429377
ENSG00000007384 46.4629206578666 -1.38466243861439 0.383378980210835 -3.61173280249458 0.00030415786670714 0.0184387947561951
ENSG00000157456 8.52957710894688 -2.14814566846876 0.595099178659258 -3.60972716061964 0.000306519242921357 0.0184563934682005
ENSG00000089902 69.6382929177909 -1.31976792419094 0.367015368789221 -3.59594729927751 0.000323213234377462 0.0189494390668076
ENSG00000155380 152.762460730797 -1.11154851412597 0.30910317874285 -3.59604362092535 0.000323093644841495 0.0189494390668076
ENSG00000077152 7.03821760770355 -1.62530003001141 0.452269188930053 -3.59365632192729 0.000326069871272122 0.0189919716198792
ENSG00000111206 53.9088060358084 -1.94604699332507 0.542595274129717 -3.58655352545483 0.000335077310453993 0.0193429147628972
ENSG00000151388 33.8379041575274 -2.77295704412103 0.773381397737655 -3.58549746894955 0.000336436266425301 0.0193429147628972
ENSG00000112182 38.5234208713208 -1.51850874396174 0.423804505317742 -3.58304058807318 0.000339617812547583 0.0194630491094391
ENSG00000149636 15.2836250614114 -1.22368776910642 0.341707018313899 -3.58110224116707 0.000342147721888225 0.0195451886128649
ENSG00000100196 6.99625512301208 -2.43368569794278 0.679909828352782 -3.57942420664645 0.000344352101506377 0.0196082667896107
ENSG00000134057 14.0268606255563 -1.61924139279918 0.453374952895345 -3.5715281191834 0.000354904435027045 0.0199660963590333
ENSG00000167460 921.546411601652 -1.07173011910036 0.300008953440272 -3.57232711494301 0.000353823062440153 0.0199660963590333
ENSG00000272841 8.42731750233056 -1.72030567071821 0.481804600333321 -3.57054637819579 0.000356237369812746 0.0199660963590333
ENSG00000144747 88.2667102803158 -1.64576956277521 0.461134231655479 -3.56895985983706 0.000358401326609751 0.020013725999956
ENSG00000104889 21.6401984230864 -1.10773871796349 0.310751910478899 -3.56470444946375 0.000364266418582718 0.0201059019827617
ENSG00000169071 6.4516662136471 -2.62538692205774 0.736510717857424 -3.56462826460317 0.000364372234777088 0.0201059019827617
ENSG00000242419 61.6280938848581 -2.01904372787 0.566555164795344 -3.56371956930149 0.000365636575768696 0.020113397191128
ENSG00000075218 20.6712917066624 -2.0398792950416 0.572986430980077 -3.5600830748338 0.0003707374911553 0.0201942241841518
ENSG00000131747 77.0844436174831 -2.39346226784944 0.672099399505239 -3.56117304912245 0.000369201643397004 0.0201942241841518
ENSG00000164879 10.0833990344193 -2.81539001085409 0.790871526994209 -3.55985759350103 0.00037105595435793 0.0201942241841518
ENSG00000065717 80.3717073447445 -1.6358467216672 0.46008019146025 -3.55556868570059 0.000377162392072644 0.0203154014777377
ENSG00000117650 5.12623703600594 -2.41741551995077 0.679803029827479 -3.55605287691093 0.000376468338761175 0.0203154014777377
ENSG00000145623 90.3608465378443 -1.73534544614753 0.488250572837037 -3.55421077350529 0.000379115247640741 0.0203154014777377
ENSG00000164142 11.9339657981951 -2.73806314176731 0.770977786521013 -3.55141638272439 0.000383163720194528 0.0203154014777377
ENSG00000173950 33.2609925419508 -1.15476392815181 0.325216378128001 -3.55075576082245 0.000384126706951557 0.0203154014777377
ENSG00000182481 82.5063282369478 -1.21269249574617 0.341449511377181 -3.55160120409887 0.00038289471077299 0.0203154014777377
ENSG00000197903 18.2788693251811 -1.31057991002725 0.369066686691971 -3.55106531498217 0.00038367518941334 0.0203154014777377
ENSG00000112984 11.042894654225 -2.2826081642504 0.644640318150571 -3.54090195723259 0.000398761724652089 0.0208054879709776
ENSG00000154839 22.8321347649208 -1.40703227569645 0.398904463516227 -3.52724124291281 0.00041991397653004 0.0216931211701301
ENSG00000087245 202.504957475712 -1.82755905994731 0.519146230317971 -3.52031653745797 0.000431032065527149 0.0218403454650265
ENSG00000115461 4420.42012259833 -1.58762980688093 0.451033657716251 -3.51998078130063 0.000431578069287098 0.0218403454650265
ENSG00000198324 40.6494860996183 -1.05120119986306 0.298399387215034 -3.52279945905365 0.000427014334118799 0.0218403454650265
ENSG00000104415 14.160780456519 -2.44907810861443 0.69737773522452 -3.51183868499322 0.000445018029331529 0.0222796526313928
ENSG00000139146 32.5050350146602 -1.60718937045595 0.458163151431281 -3.50789749336053 0.000451663047145012 0.0224467144196881
ENSG00000164932 9.61297281010641 -2.59042296441584 0.740751797981511 -3.49701880099992 0.000470488672552377 0.023100604988708
ENSG00000274641 3.72798338829359 -2.40780668082897 0.688428214044858 -3.49754212815001 0.00046956654318534 0.023100604988708
ENSG00000133110 474.034298802728 -4.09937161863975 1.17613265270911 -3.48546705951684 0.000491278706615848 0.0237886113224418
ENSG00000293495 34.2207532761717 -1.29829805444326 0.372705453957194 -3.48344259698539 0.000495009262871145 0.0237886113224418
ENSG00000271270 28.1608440073018 -1.81223092871491 0.520554601263708 -3.48134647991874 0.000498899681311148 0.0239029274731414
ENSG00000155850 47.4344621328192 -1.11679746710992 0.321004789079288 -3.47906793014876 0.000503161024486263 0.0239781789824028
ENSG00000064666 112.847100870014 -1.5099866867224 0.434408438274951 -3.47596076337422 0.000509026752945071 0.0241930235139733
ENSG00000185585 82.414535375535 -1.43221597826468 0.412893331355849 -3.46873119399046 0.000522922379901259 0.0247216063049871
ENSG00000035499 5.69858735954917 -2.31991224344132 0.670701306407953 -3.45893503005976 0.000542315703483517 0.0254360336399651
ENSG00000170166 5.06988083412574 -2.55042175989222 0.737557307095228 -3.45793029959491 0.000544342193924687 0.0254640706622564
ENSG00000128595 483.024869627416 -1.486036719024 0.429868352004876 -3.45695772227295 0.000546310550788615 0.025489248551585
ENSG00000183691 10.1151299580921 -1.82691558529749 0.529653165797318 -3.44926775345019 0.000562109031560046 0.0258357252173798
ENSG00000136026 152.364643154504 -1.04611511995317 0.303599364312268 -3.44570919087032 0.00056956293599676 0.026095938838741
ENSG00000113810 85.9426056243622 -1.49996469373487 0.435700672380667 -3.44264948121164 0.000576045412039586 0.0261909627009733
ENSG00000183010 41.3090102939698 -1.57461287996153 0.458159573183007 -3.43682195489685 0.000588582370462453 0.0265577306044362
ENSG00000077092 25.4360907653584 -2.13499946172565 0.622349003905464 -3.43055013879312 0.000602358641739609 0.0268498617784505
ENSG00000165724 17.9961643407215 -1.07954095159195 0.31478877736774 -3.42941371868165 0.000604886720315993 0.0268498617784505
ENSG00000160949 35.2814666994337 -1.32904578663697 0.388199333048475 -3.42361687280644 0.000617936736634605 0.0271454058159848
ENSG00000143387 42.0617929291139 -1.788243700801 0.522929106646805 -3.41966755736319 0.000626977064294847 0.0274560496730395
ENSG00000091136 273.93754653782 -1.9316110697009 0.565043221127506 -3.41851914592746 0.000629628879708862 0.0275045968702231
ENSG00000163359 1066.88837091043 -1.97007561341552 0.576423729411867 -3.41775591963505 0.000631397025425823 0.0275143989832872
ENSG00000011028 292.155969214142 -1.41725999771116 0.414946286670236 -3.41552640242682 0.000636588577943578 0.0275386364676903
ENSG00000185633 65.4926348381288 -1.09431185026135 0.320881003174325 -3.41033541853784 0.000648830305837395 0.027865307327566
ENSG00000293483 5.98322540141044 -2.89641743568267 0.850368984437472 -3.40607135101321 0.000659049526600027 0.0281795769449755
ENSG00000102996 37.100455863507 -1.44749042856668 0.426895355389521 -3.39073829286785 0.000697046281381615 0.0294394688935178
ENSG00000173546 278.295573347361 -1.59945940697381 0.471562234050225 -3.39183100655904 0.000694272468436154 0.0294394688935178
ENSG00000233822 12.451774076154 -1.85249523261962 0.546281245258524 -3.39110165084093 0.000696122769785364 0.0294394688935178
ENSG00000115457 857.517812840996 -2.12507281622797 0.627613916678566 -3.38595553692339 0.00070930875220726 0.0298865482047045
ENSG00000187741 31.6780095980181 -1.04236188461116 0.308335244198945 -3.38061218826677 0.000723245429961092 0.0303303607016389
ENSG00000123374 32.8328565586747 -1.4139767158712 0.418531512946254 -3.378423540721 0.000729027023261075 0.0304296220973821
ENSG00000290970 22.5553753571191 -2.59477798119913 0.768622068404628 -3.37588274896259 0.000735792689849682 0.0305181260508286
ENSG00000007062 16.9344827542747 -2.06337906324436 0.611653895295499 -3.37344220173324 0.000742346295516805 0.0306049567498203
ENSG00000213462 46.0484027343191 -1.05563200012641 0.312849042487101 -3.37425357525245 0.00074016152093035 0.0306049567498203
ENSG00000165474 13.6687127892599 -3.07475755653641 0.912057879441109 -3.37123073638765 0.000748331525457956 0.0306609489154877
ENSG00000138615 5.14282290829947 -3.04753217364971 0.905375989145745 -3.36604041877139 0.000762555339527851 0.0309303579813968
ENSG00000277443 2022.27823623861 -1.09757955941753 0.326218001939267 -3.36455852495187 0.000766662227186636 0.0309817200919262
ENSG00000079462 34.5922875060856 -1.39038958851068 0.41377406451764 -3.36026278044165 0.000778683694996035 0.0312578367025098
ENSG00000102007 49.6261587990114 -1.44903757183628 0.431388611859187 -3.35900747493371 0.00078222951512657 0.031278876213094
ENSG00000133119 13.8190002207258 -1.09544569462293 0.326188219868389 -3.3583238998175 0.000784166684452555 0.031278876213094
ENSG00000204262 269.6356454184 -1.94811179938812 0.580526166567438 -3.35576914802481 0.000791446031089499 0.0314864790448843
ENSG00000148123 50.1429609842491 -2.05046836008884 0.612000427614775 -3.35043615587065 0.000806844064923054 0.0318855471599193
ENSG00000177602 4.46851024080801 -2.1997911961803 0.657674352858206 -3.34480307255432 0.000823410121720402 0.0323251951529135
ENSG00000122565 167.696522104015 -1.01329075216429 0.303256889045751 -3.34136103338913 0.000833687387189698 0.0325851103111447
ENSG00000115414 2050.11086687665 -1.85423363368764 0.556943687145113 -3.3293018243773 0.000870639986951312 0.0332991770116593
ENSG00000011105 71.7263177851072 -1.52986143250633 0.459682888219606 -3.32808001279235 0.000874467470692534 0.0333026361755407
ENSG00000167244 805.298938028377 -2.00147630944192 0.601290947833458 -3.32863203188662 0.000872736271217665 0.0333026361755407
ENSG00000156802 47.3770939221669 -1.22037868516977 0.366889342692051 -3.32628545766755 0.000880117439083787 0.0334463392682097
ENSG00000180008 100.094144403981 -1.96736800946761 0.591870644806233 -3.32398308098502 0.000887415795122805 0.0336519398222846
ENSG00000072571 8.15799761485272 -2.26775718167971 0.68279642915688 -3.32127861957325 0.00089606036951704 0.033714419935562
ENSG00000125898 10.2311492526231 -1.09166239173244 0.328670963065647 -3.32144458868549 0.00089552762382464 0.033714419935562
ENSG00000179954 106.995711369203 -1.3953178919484 0.420091471277862 -3.32146207992281 0.00089547149565433 0.033714419935562
ENSG00000129173 5.50655184745131 -2.29969772323343 0.692764113997763 -3.31959707029637 0.000901474579218001 0.0337653956441985
ENSG00000135476 19.6003649141639 -2.07964185003935 0.627371123759627 -3.31485108459685 0.000916919569081068 0.0340463697494414
ENSG00000198901 30.776200714775 -1.53489027772988 0.463768364076941 -3.30960539058079 0.000934275858827954 0.0343073399674573
ENSG00000134013 102.7254931444 -1.71290989093621 0.518189790466886 -3.30556472251777 0.000947852099774944 0.0345685589385197
ENSG00000171848 49.8795411355097 -2.14475328854554 0.649261267660268 -3.30337476663986 0.000955286271404223 0.0347082838427926
ENSG00000182492 788.625078212982 -1.56960801687544 0.475430247663471 -3.30144753008326 0.000961873237772466 0.0348444445463794
ENSG00000066279 23.7803745535813 -2.31452385003816 0.703719400373557 -3.28898684448593 0.00100548723275068 0.0359855400588662
ENSG00000147257 5.1726088050174 -2.58900301849358 0.787622457724831 -3.28711172859687 0.00101220665229426 0.0361351689476279
ENSG00000176890 42.5611890667236 -1.11891288533605 0.340495888879498 -3.28612744493968 0.00101575041478772 0.0361351689476279
ENSG00000003436 111.217169142968 -2.25653689587996 0.687332742805844 -3.28303419195232 0.00102696208855556 0.0363165581435033
ENSG00000150275 22.1030097701462 -2.72464411355494 0.829791677929277 -3.28352788540157 0.00102516502076085 0.0363165581435033
ENSG00000131153 11.0217968022693 -1.34150875305151 0.408859936796594 -3.28109612196829 0.00103404498008694 0.036494621148692
ENSG00000116962 171.641459282008 -1.81346942956249 0.5528457861804 -3.28024464487957 0.00103717106830615 0.0365185685341891
ENSG00000135736 9.46249625842003 -1.31999662792686 0.402826138434839 -3.27683956422401 0.001049760001337 0.0368304576847034
ENSG00000146918 39.042653186674 -1.30623899988641 0.398863364396765 -3.27490342930329 0.00105698099154573 0.0370109473719442
ENSG00000112118 71.3396712860199 -1.02284686608106 0.312419479147832 -3.27395356035744 0.00106054039176275 0.0370627674556617
ENSG00000177706 572.882086450978 -1.58652963649805 0.485624861998997 -3.26698602284767 0.0010869904688823 0.0376915002468662
ENSG00000170485 92.0357616851783 -1.09284634962918 0.334752410191907 -3.26464072059308 0.0010960300418833 0.0377844167050021
ENSG00000142731 8.27380671357974 -1.72335854668422 0.528336967984858 -3.26185493560544 0.0011068576973112 0.0380662237605019
ENSG00000254815 4.34740846139676 -2.86014300856161 0.87710370466421 -3.26089491282742 0.00111061192590815 0.0380662237605019
ENSG00000173349 10.5627469553913 -1.27002810938196 0.390464344185709 -3.25260968970299 0.00114350450945375 0.0384572496255917
ENSG00000175063 17.2022352453869 -2.15630787770272 0.662982588118381 -3.25243515643836 0.00114420699739383 0.0384572496255917
ENSG00000269416 4.64724517431973 -2.28480560659104 0.702359974836889 -3.25304073188631 0.00114177129326022 0.0384572496255917
ENSG00000250742 14.2193720846455 -1.37365503494012 0.422640788295898 -3.25017147653624 0.00115335441038674 0.0384948233264472
ENSG00000232040 4.62464132516805 -2.59268113488045 0.798193886556256 -3.24818465606942 0.00116143869536127 0.038577166618074
ENSG00000113248 19.750844635212 -1.25426926623843 0.387330336005203 -3.23824175295576 0.00120268849399535 0.0391874168710769
ENSG00000196557 98.8424799557527 -1.67589642667536 0.517475297335552 -3.23860179472228 0.00120117148451643 0.0391874168710769
ENSG00000197121 70.4855173816063 -1.1582261960807 0.357396185359664 -3.24073463435297 0.00119222111419812 0.0391874168710769
ENSG00000197483 31.7887772092045 -1.13198156940918 0.350037592939676 -3.233885708968 0.00122118314366201 0.0395011745362758
ENSG00000151725 9.8483856823138 -1.82500132264199 0.565220539972207 -3.22883050699419 0.0012429753887297 0.0401332433937126
ENSG00000090924 158.856657191326 -1.35182136831323 0.419014027827227 -3.22619597086766 0.00125447430644668 0.040140925608257
ENSG00000183336 10.4140845491123 -1.58404796480229 0.490897434619711 -3.22684099180396 0.00125164994915614 0.040140925608257
ENSG00000152192 3.79788577915441 -3.98337488920577 1.23569308423752 -3.2235956808512 0.00126591999386492 0.0402901643761686
ENSG00000189320 13.2888136999384 -3.20938474158859 0.995484213998728 -3.22394337997276 0.00126438396378985 0.0402901643761686
ENSG00000177374 93.6586152763259 -1.91183149065306 0.593716043813762 -3.22011087720037 0.00128141024858319 0.0404939270576209
ENSG00000182379 37.1477218390291 -1.81996380207462 0.56553689845136 -3.21811681440825 0.00129035254711838 0.0407043423845857
ENSG00000227036 66.3478436886098 -1.34209905606138 0.417360513604366 -3.21568287443122 0.00130134550926737 0.0408342975557611
ENSG00000153246 22.7640542956204 -1.88368296320546 0.586391028978352 -3.21233250530338 0.00131661896041243 0.0412409485613898
ENSG00000007545 117.789151107215 -1.4605063011471 0.4547807508684 -3.21145144854587 0.00132066284580562 0.0412471169612433
ENSG00000100162 5.75043595453746 -2.13219817509344 0.663971740185668 -3.2112785018489 0.00132145798316039 0.0412471169612433
ENSG00000159055 23.3708235134222 -1.00299848330596 0.312628934822439 -3.20827144127149 0.00133535400772257 0.0413693278879953
ENSG00000104738 118.690028771569 -1.03260539281025 0.322043610213095 -3.2064147837834 0.00134400105719407 0.0415149581323569
ENSG00000152952 97.9018705699016 -1.41027546257615 0.440337828202566 -3.20271249084553 0.00136139822647626 0.0416248895305261
ENSG00000186193 41.9225973187887 -1.51552132598029 0.473204759244332 -3.20267557832777 0.00136157272043409 0.0416248895305261
ENSG00000058729 21.7339781779081 -1.3642475293668 0.426478466983482 -3.19886614444157 0.00137969211802636 0.0420346198625364
ENSG00000183853 115.988420503644 -1.41329922387034 0.44188172722077 -3.19836539238526 0.00138209038985798 0.0420358310894859
ENSG00000123080 55.5577565135681 -1.45469871722634 0.455271170022728 -3.19523574741998 0.0013971666346966 0.04236012197519
ENSG00000123685 11.0762843350221 -1.56371563623744 0.489400493242713 -3.19516563188655 0.00139750612811601 0.04236012197519
ENSG00000123989 270.573258554432 -1.1659917129717 0.36557924537851 -3.18943629243631 0.00142550555454001 0.0428095697266242
ENSG00000181104 83.8609396509134 -1.76435307218777 0.552993581623106 -3.19054891561159 0.00142002800168971 0.0428095697266242
ENSG00000137804 44.3390021498189 -2.01284291323337 0.632743015627885 -3.18113809796222 0.00146697682326603 0.0435192662060065
ENSG00000151790 8.8393949064027 -3.20285147141653 1.0068577482104 -3.18103672252543 0.00146749026481568 0.0435192662060065
ENSG00000134853 159.288482850307 -2.05198133075276 0.645297486800779 -3.17989977138446 0.00147325999619263 0.0436177955351184
ENSG00000076604 87.4339996967976 -1.06936586983185 0.337071322912679 -3.1725210575356 0.00151121599616212 0.0442272622325083
ENSG00000172421 4.33550747059239 -1.68931640412968 0.532409485945767 -3.17296451081971 0.00150890967704928 0.0442272622325083
ENSG00000027644 6.38808829472279 -2.66889924982342 0.842048512397316 -3.16953145873395 0.00152684928799339 0.0444373615579294
ENSG00000073792 79.7758680108374 -1.68292184391877 0.531188238944919 -3.16822120772383 0.00153374772382679 0.0444373615579294
ENSG00000167670 41.1589572412743 -1.15073349137046 0.363190030915035 -3.16840605032923 0.0015327727964386 0.0444373615579294
ENSG00000168243 80.7662907455254 -1.41125506189646 0.446233475214781 -3.16259344106175 0.00156370543449785 0.0450181196438996
ENSG00000204519 21.8346159885021 -1.18037933809586 0.373799078193807 -3.15779092821586 0.00158969524431932 0.0453826765517512
ENSG00000261061 6.6021095752633 -1.45052915737049 0.460143817163694 -3.15233868904615 0.00161968285818438 0.045967527995892
ENSG00000168078 12.6726731366912 -2.19556450485724 0.697472327304892 -3.14788762063312 0.00164454904716504 0.0464513433718266
ENSG00000122642 279.944615023288 -1.11735514272022 0.355145409369974 -3.14619058346383 0.00165412180490279 0.0465227976636767
ENSG00000287151 11.758877952214 -1.58421865494858 0.504623880133183 -3.13940484649769 0.00169291384694705 0.0472927954453563
ENSG00000087303 43.2935616192765 -1.92000407842302 0.613069088037041 -3.13179071639479 0.00173743677450648 0.0474858202961257
ENSG00000112039 12.4313751992527 -1.09498972161696 0.349093797676949 -3.13666335209501 0.00170882214505883 0.0474858202961257
ENSG00000144724 128.364741536707 -1.04089251097152 0.331897343204521 -3.13618813854168 0.00171159364811203 0.0474858202961257
ENSG00000168268 83.6360866715111 -1.26401111895238 0.403715624193098 -3.13094426671929 0.00174245225122966 0.0474858202961257
ENSG00000118193 12.4413041255209 -1.95378879428439 0.624213874345796 -3.12999898685694 0.00174806906021364 0.0475661600918897
ENSG00000114491 86.1877513622539 -2.27161509225657 0.726169340333195 -3.12821674792035 0.0017587043475941 0.0476410241802182
ENSG00000136997 59.7445196747102 -1.21101404880985 0.387018520961588 -3.12908551715034 0.00175351266677988 0.0476410241802182
ENSG00000278677 9.04064808427532 -2.12968062769576 0.680801926174918 -3.12819418661366 0.00175883935984871 0.0476410241802182
ENSG00000099953 23.8666691497378 -1.7650651268098 0.564568846256387 -3.12639483831566 0.0017696378267407 0.0476769874117224
ENSG00000122591 145.337017309295 -1.12935785725381 0.361256874597779 -3.12619063238929 0.00177086717536668 0.0476769874117224
ENSG00000143578 7.7064425296283 -1.46293110340201 0.467803621619875 -3.12723338553106 0.00176459787479082 0.0476769874117224
ENSG00000083444 203.914344005752 -1.03575967073981 0.331492546523629 -3.12453381411392 0.00178087051977065 0.047873989855011
ENSG00000077942 96.8216696678986 -1.73239683155764 0.558172880387276 -3.10369222946779 0.0019112203231918 0.0492764428221497
ENSG00000099956 171.528717114199 -1.17066370986555 0.376865696584778 -3.10631538098135 0.00189434557100846 0.0492764428221497
ENSG00000104368 93.6923436840223 -1.14929736480696 0.370056937992332 -3.10573116408041 0.00189809195387354 0.0492764428221497
ENSG00000164087 9.37891455160203 -1.16180978169443 0.373771457196362 -3.10834270334364 0.00188139766069358 0.0492764428221497
ENSG00000198346 14.1379284752757 -1.20182665118708 0.387262160875223 -3.10339292759953 0.00191315448308429 0.0492764428221497
