DF2CAB_tumor_gDNA_2	DF3VP_tumor_gDNA_2	DF4LAK_tumor_gDNA_2	DF5DS_tumor_gDNA_2	DF6SR_tumor_gDNA_	SK8DF_tumor_gDNA_	DF10DL_tumor_gDNA_	DF11RCC_tumor_gDNA_	DF12GD_tumor_gDNA_2	SK14JR_tumor_gDNA_	SF17LSM_tumor_gDNA_2	DF19AE_tumor_gDNA_	SF20LCK_tumor_gDNA_	SK21LS_tumor_gDNA_	DF22LM_tumor_gDNA_2	MA23KB_tumor_gDNA_	SF24RG_tumor_gDNA_	UT25LM_tumor_gDNA_2	TX27DC_tumor_gDNA_2	SK30DC_tumor_gDNA_	MA31PPD_tumor_gDNA_	LA33CA_tumor_gDNA_	UT34SJ_tumor_gDNA_
cg26928153	0.882449185390413	0.88739890656575	0.925989793607964	0.896190485966768	0.940484396664129	0.896937756978416	0.873518862449485	0.893531940900584	0.864211935623583	0.918185096064917	0.88279914276621	0.870717452760593	0.875391489658515	0.928053504663221	0.856600368036532	0.910246077725236	0.915678009673819	0.87949625711034	0.900685534870797	0.892011367124404	0.900940138718625	0.811058040391786	0.828477217144691
cg16269199	0.638102766868169	0.676478985641467	0.759564020941588	0.721319960239812	0.808234067028327	0.683440681562257	0.698313934779623	0.675027193647364	0.719093039059096	0.768526936129254	0.731249836710043	0.668305632368827	0.644914227470407	0.844524261928364	0.643776785210031	0.746241855820325	0.828419495303096	0.65548724199778	0.672319186226276	0.667637590122727	0.72523516932322	0.593519335613192	0.642712189194
cg24669183	0.648712389719752	0.774986122675233	0.642327457843801	0.688540286643382	0.687013366259713	0.670052370621449	0.498718030700372	0.713827974587061	0.758280956778172	0.676320466474616	0.676218549644664	0.728801312029098	0.639688497175261	0.789358685409567	0.61082608393829	0.633996875595763	0.618097619296266	0.66951895538054	0.622278410660418	0.652646562526621	0.672245141604291	0.544025075151988	0.728109897653707
cg15560884	0.54127630547572	0.575919913691624	0.555189158218676	0.571445853072831	0.567559534068067	0.530903129768613	0.614046589524595	0.613510834823577	0.53620787684483	0.556097701146863	0.55248521236156	0.549334066018726	0.61583498500083	0.621745910160102	0.513206497241958	0.587197340664893	0.683675385788003	0.498035662942689	0.514483160291892	0.557955907987655	0.54252050484771	0.612973685578425	0.572537325531908
cg01014490	0.0248776162648967	0.0232740254998909	0.0311514837034424	0.0285531086983002	0.0626338379063723	0.0205844413082545	0.0305151140506137	0.0214068332002161	0.0803657357285549	0.0259559362027554	0.0288516825913628	0.023186793928197	0.023356757300288	0.0344145535024694	0.0179848134153201	0.0282324449450549	0.04551090701125	0.031119928381655	0.0250437179586919	0.0237473830219616	0.027297598894573	0.0330823920822557	0.0297298966085638
cg10692041	0.766701883566758	0.727612140006242	0.800618310066386	0.742018378328525	0.747031355732665	0.82078910092152	0.810072518000465	0.784188496509636	0.736764137767279	0.728999577880962	0.83063561115083	0.703850738279943	0.847745865431577	0.823997404346042	0.760955358642849	0.787487423095321	0.783455122021648	0.767631562173352	0.774619639303677	0.772565926783565	0.762138565875608	0.799253718840674	0.694716120179972
cg09961319	0.775643214936248	0.756902835258509	0.847119298805929	0.734152887769641	0.673473590643067	0.673421251746273	0.468955441928415	0.794902890461776	0.782951119417396	0.769805095238983	0.676575814291022	0.739589177468589	0.590661431223937	0.609199486184372	0.746532220672304	0.602839586275333	0.655421703595378	0.662111504907306	0.678002221594756	0.585997721307656	0.824434135225174	0.803650432470778	0.617440499414748
cg17505339	0.819448446765275	0.850368558862636	0.829081481578965	0.790456892045739	0.817162409521565	0.863111374036019	0.866775936691679	0.818325800903892	0.803648287592725	0.84683186848076	0.835240005339613	0.796489915054448	0.81007799601127	0.882615808629567	0.766788989937478	0.856872106706186	0.859493501906686	0.799520033799014	0.786474936305939	0.757760553704976	0.822508995273848	0.841447963553665	0.857099636125761
cg15979415	0.278735160628133	0.305215732594115	0.266216494355698	0.335091027234983	0.310700711283759	0.271838995072075	0.121395304849199	0.292489599862499	0.186408571784596	0.352004623901354	0.311337351865866	0.355029891101505	0.232879997326971	0.235802053635739	0.290524408340801	0.231028512913574	0.241700254246802	0.355922066912804	0.277996696708048	0.269821595453275	0.22083060076202	0.19455531108066	0.278550164649569
